1.368929140782218383e+03
1.239882584026574932e+03
1.201112969566540642e+03
1.104091382136266475e+03
1.287496021680324475e+03
1.329103138910591042e+03
1.202112966669505568e+03
1.299870297537155921e+03
1.293121109131199319e+03
1.271507258555293902e+03
1.269765982087157226e+03
1.241858660428982830e+03
1.235047512364254089e+03
1.235411487916541546e+03
1.225223290355083918e+03
1.183905111270578800e+03
1.169814649859901692e+03
1.172958120327203915e+03
1.153877569137005139e+03
1.116062753666078834e+03
1.096709853758249665e+03
1.080269357497309329e+03
1.056881300796074584e+03
1.065335795352305240e+03
1.015761534987134837e+03
9.064090797627803795e+02
9.315792287673425562e+02
9.588896849803137457e+02
9.438183212923953533e+02
9.765606837929641415e+02
1.716041621823910191e+03
1.567866920628102662e+03
1.383308834919958144e+03
1.591847414693915880e+03
1.974213831535144209e+03
1.589008000290069731e+03
1.391895231046373738e+03
1.553425561230066478e+03
1.507853540400267548e+03
1.499918824357631138e+03
1.474939404262711832e+03
1.459882584169100255e+03
1.452227234271915449e+03
1.432188003887309378e+03
1.399110886884439651e+03
1.365763530186023900e+03
1.348103067647984290e+03
1.323137414762888739e+03
1.293038185013429938e+03
1.260211906192384504e+03
1.216626367814133346e+03
1.181409234677956874e+03
1.183260053070112235e+03
1.149383706357456276e+03
9.514404248993220108e+02
8.850616728662632795e+02
1.075822732456343147e+03
1.114658677630827697e+03
1.093336698072992931e+03
1.855760954359036759e+03
1.540841772812157842e+03
1.770446966583546327e+03
2.133599929687372878e+03
2.039157949328401628e+03
1.610385623731847772e+03
1.376965284184238953e+03
1.534736027913961379e+03
1.507798483375035175e+03
1.479136607569457283e+03
1.465756307320080850e+03
1.447867058975750524e+03
1.441956426689617501e+03
1.401514352636932927e+03
1.370151396560949024e+03
1.337636248811214500e+03
1.301810074568074924e+03
1.270552064738838681e+03
1.242044836195735343e+03
1.197346376240495147e+03
1.152223485724043030e+03
1.150131860088444228e+03
1.112691362534768359e+03
9.432532758642807948e+02
7.642366326811460340e+02
8.921783213099830618e+02
1.099214607181809470e+03
1.144738250435468444e+03
1.623376394149738644e+03
1.813392069265676355e+03
2.148318133978016704e+03
1.965338752338254608e+03
1.872020537626839086e+03
1.455280090403076429e+03
1.211189607154945179e+03
1.374951324962078388e+03
1.335880949968860932e+03
1.320375965944731661e+03
1.303597349945383939e+03
1.292389724418374726e+03
1.274890985174038178e+03
1.235491443737594182e+03
1.208005302391434725e+03
1.163421123057951718e+03
1.130901590116175612e+03
1.102368390792823220e+03
1.066874401776046398e+03
1.028667024472101730e+03
1.023420780830338686e+03
9.894901096341027369e+02
8.433305138963354466e+02
6.770314488867343243e+02
6.819383962897339870e+02
8.381868926170943723e+02
1.039114851923564174e+03
1.800792686606611824e+03
2.069606529681684606e+03
1.842656436708945421e+03
1.686849168569310905e+03
1.597221860694382940e+03
1.218138592210592833e+03
1.013432847542431205e+03
1.144165232079159068e+03
1.121438450709075369e+03
1.104579450148105479e+03
1.095527058406699780e+03
1.076772574438283755e+03
1.059708712334753727e+03
1.027928960857202128e+03
9.921242756155509142e+02
9.555788967416461901e+02
9.294040394564214012e+02
8.988299328542623243e+02
8.705996076762893381e+02
8.718721051512823124e+02
8.445526919369441430e+02
7.246013372712276350e+02
5.730662884264445438e+02
5.612051189182103599e+02
6.004910037163352854e+02
7.605739696530135916e+02
1.973285714567349260e+03
1.702977237068437717e+03
1.520479615177506275e+03
1.389312926215643756e+03
1.299933570947146791e+03
9.928350286856830280e+02
8.117868219039459063e+02
9.283417821449708072e+02
9.078760789477150865e+02
9.002201469956241908e+02
8.852672273627820232e+02
8.674958768373751354e+02
8.566918728100604312e+02
8.218189649163449531e+02
7.940505904799840664e+02
7.658436006179534843e+02
7.418769565172588045e+02
7.193939142350814109e+02
7.257462428995598884e+02
7.115827203770116967e+02
6.154570375038966858e+02
4.821244366846957519e+02
4.576172641991565797e+02
4.746109150420764422e+02
5.291027008167632175e+02
1.585338576856367808e+03
1.377564419688808357e+03
1.231389063065627170e+03
1.118419513627358128e+03
1.049510185793853680e+03
7.873157914789845790e+02
6.464619555475528614e+02
7.406351530181641465e+02
7.307778789133583359e+02
7.196313457869945296e+02
7.051370215424669823e+02
6.942712072389460900e+02
6.797995846080301590e+02
6.543114589451188294e+02
6.337837117792914796e+02
6.105215775272137080e+02
5.947878858348655058e+02
6.032050923064026620e+02
5.981071534389441240e+02
5.258347376505372495e+02
4.096336099042576961e+02
3.799174234101367347e+02
3.801699399566533657e+02
4.117015934869063472e+02
1.273752910513035658e+03
1.111880660620648541e+03
9.937112690410863252e+02
9.086221496013388332e+02
8.362552211503375474e+02
6.278059830907239984e+02
5.135999173741116692e+02
5.964932567636651584e+02
5.852568737191841137e+02
5.751618716682660306e+02
5.670137565659572374e+02
5.542857231330184504e+02
5.457595244662716141e+02
5.280827772378645477e+02
5.124116019863889733e+02
4.973045884635579341e+02
5.091378818550692245e+02
5.101063019752438095e+02
4.538322956383649398e+02
3.548310213642486701e+02
3.238180146457229398e+02
3.153215440263973051e+02
3.296451493160619748e+02
1.034699502356348376e+03
9.075435768709680815e+02
8.206096581414436741e+02
7.382921020538453831e+02
6.768351954361374965e+02
5.039283380483088877e+02
4.166507189032506631e+02
4.830151321727256573e+02
4.734684961430382941e+02
4.697567186689954042e+02
4.603692721030678285e+02
4.529320792009665979e+02
4.493642672180343425e+02
4.374653228449959670e+02
4.284051593404842038e+02
4.384104421490886807e+02
4.456320564464770086e+02
4.009363973578599598e+02
3.129710426776430268e+02
2.842293562605402144e+02
2.716091241927749138e+02
2.764002105310223101e+02
8.596060632422640992e+02
7.655340499359853084e+02
6.842958323298886398e+02
6.144072148375898905e+02
5.555048879141745601e+02
4.158536236297098867e+02
3.422471931023748084e+02
3.978607865028095603e+02
3.946257192724067409e+02
3.904603211274874752e+02
3.853761131471455883e+02
3.824223857613711175e+02
3.828743265820694432e+02
3.772127538211653928e+02
3.907379247586962379e+02
3.982361278417861286e+02
3.635221277490096554e+02
2.838741729243249097e+02
2.553385212872814520e+02
2.424026158005694640e+02
2.422557778424489356e+02
7.426508634921858629e+02
6.555266399501319938e+02
5.869024323226306024e+02
5.209509256560213544e+02
4.707585599132069092e+02
3.486175246773618710e+02
2.870873961321930778e+02
3.392193838894119153e+02
3.360292097937306153e+02
3.356323482807098344e+02
3.343997801228305775e+02
3.353670243814554510e+02
3.401463319698200962e+02
3.557840633474681340e+02
3.679986388030522448e+02
3.363439172896572131e+02
2.641099176798804820e+02
2.364215193880699246e+02
2.218437673621687338e+02
2.204316054517420582e+02
6.524546343143092599e+02
5.776415785395403191e+02
5.133150739842342318e+02
4.565381602375721286e+02
4.054030867795015070e+02
2.986539720123005850e+02
2.497318949685180201e+02
2.957011611774046287e+02
2.958210228824005981e+02
2.989339671039698487e+02
3.013588773111419528e+02
3.061171436988402661e+02
3.301975922751838652e+02
3.458361853635992134e+02
3.204285848440884479e+02
2.499502272150944862e+02
2.241713783308190955e+02
2.092459854596871196e+02
2.054536387826151440e+02
5.887043492996979239e+02
5.181535705583683011e+02
4.630448494596565752e+02
4.054147480183092398e+02
3.561432152040964638e+02
2.651480263313696355e+02
2.218397981867876751e+02
2.658643675727833511e+02
2.691612401361307434e+02
2.758015520074592359e+02
2.815485915574346905e+02
3.043668795341189366e+02
3.290689261969362178e+02
3.086719364657744222e+02
2.426642838927675427e+02
2.155225275236755067e+02
2.015448174486268726e+02
1.969718218454572138e+02
5.390509220247961366e+02
4.777167226274354448e+02
4.213965957607692303e+02
3.657817257804908877e+02
3.233735294827533266e+02
2.397925332075644462e+02
2.026309376654945993e+02
2.461979303309984743e+02
2.528122112646021264e+02
2.625097874156915623e+02
2.853737612580507630e+02
3.093167052339438214e+02
2.992505413038558117e+02
2.372408224636393754e+02
2.118995177224790325e+02
1.961597310621421855e+02
1.921505719237105723e+02
5.053746643778007979e+02
4.424128664752442432e+02
3.879302100880673265e+02
3.396796224040997458e+02
2.979393472461772490e+02
2.222416369503669102e+02
1.900027329243926033e+02
2.345133250328002532e+02
2.438756368428358883e+02
2.700004575968110316e+02
2.944105022209815274e+02
2.853645360473739743e+02
2.325277475045090227e+02
2.091495352792238123e+02
1.946763284002102807e+02
1.887564496284168456e+02
4.741033844247307911e+02
4.129418425636581560e+02
3.661273856611454676e+02
3.186029113084072719e+02
2.801681326913202383e+02
2.107837628233771738e+02
1.827321685777662879e+02
2.285472972027445167e+02
2.534165163378408465e+02
2.816769924045623270e+02
2.746070055745778404e+02
2.235897515916037435e+02
2.064054295704710569e+02
1.934535740116224645e+02
1.885792276916186267e+02
4.469739290140323646e+02
3.939580275253204604e+02
3.477154325658481184e+02
3.036996976585600692e+02
2.686935810703893139e+02
2.045358062021801118e+02
1.792951714408306714e+02
2.393386188838593682e+02
2.664304600222299086e+02
2.649005987239102637e+02
2.165324281730251812e+02
1.994964309915124261e+02
1.918070227751988455e+02
1.882353135418185843e+02
4.297256710267853919e+02
3.772064645504938198e+02
3.345465468613949724e+02
2.942822275694921359e+02
2.629764583667266606e+02
2.020349481394755173e+02
1.887278483175798840e+02
2.531457828294352623e+02
2.520529247778540878e+02
2.098834506627605379e+02
1.939481841483107587e+02
1.860144426973904501e+02
1.871641807156732966e+02
4.138468636256528157e+02
3.651080446324304489e+02
3.264374999823609187e+02
2.903297840998290553e+02
2.614313928055562997e+02
2.138114560237908393e+02
2.004175716877066691e+02
2.406448841676301242e+02
2.004080959269214759e+02
1.885316732599181648e+02
1.812826266316104409e+02
1.818603416389454992e+02
4.022934210381481535e+02
3.578585467797033743e+02
3.237958145322228347e+02
2.903750172794154878e+02
2.781106677679882182e+02
2.401720214203038779e+02
1.911956606503595708e+02
1.919305019111402260e+02
1.803932480759523003e+02
1.765239564008152797e+02
1.774477674936100300e+02
3.955825840167155434e+02
3.562100213233574095e+02
3.251753913470272437e+02
3.104600310020048255e+02
3.114825407982184515e+02
2.500370528865229005e+02
1.528413854875378775e+02
1.730869752060858957e+02
1.691039075620319352e+02
1.729131426140698693e+02
3.947837628270958703e+02
3.586911438290698015e+02
3.488779174386948512e+02
3.469525368155436240e+02
3.219396021145827831e+02
1.966089833013020041e+02
1.380325992108431592e+02
1.624406617951412670e+02
1.657063622899752318e+02
3.983449053075984807e+02
3.857514781677243150e+02
3.888047527511156432e+02
3.564589462667136672e+02
2.551619235932322454e+02
1.748917260651298875e+02
1.296517294607979522e+02
1.592412176754642985e+02
4.292072754393058744e+02
4.285562803799806488e+02
3.970802132840836407e+02
2.845754388383449509e+02
2.284385221181575503e+02
1.619903930932044318e+02
1.271337352562793939e+02
4.754098295259311726e+02
4.351287372050041427e+02
3.189042868601995337e+02
2.562782631265897066e+02
2.127054432676309261e+02
1.567557613316668892e+02
4.801060545555854446e+02
3.511857531542045763e+02
2.885820470770584052e+02
2.397933171782256636e+02
2.066900379824714946e+02
3.891576149023377411e+02
3.190567102748622688e+02
2.711022839386304213e+02
2.339113078847904035e+02
3.547730866601305024e+02
3.007172390868424259e+02
2.652834617483500779e+02
3.353379118746798895e+02
2.950136835021305046e+02
3.297066488944232674e+02
1.090584403593715251e+03
1.247557203844314472e+03
1.265391024243404672e+03
1.360579444768457961e+03
1.257176146678994201e+03
1.283401083178646331e+03
1.422916132622091709e+03
1.328946390171360918e+03
1.316474188252566364e+03
1.307237269836892892e+03
1.281168250809397477e+03
1.273960043407422972e+03
1.255546162885068725e+03
1.242119516047001753e+03
1.220864480407291694e+03
1.206496187351848448e+03
1.184534872120465707e+03
1.163700839636712317e+03
1.142931284643094159e+03
1.118585317294795004e+03
1.089843710885919563e+03
1.065481295484550856e+03
1.045155644022339857e+03
9.941363849415834011e+02
9.656092749200773824e+02
9.817648244160624245e+02
9.292882603886823745e+02
9.012979251943634154e+02
9.241169757271239860e+02
9.048268933545257369e+02
1.233322541996298469e+03
1.501347216669222689e+03
1.390699531559810112e+03
1.274916815800680979e+03
1.435072065365140134e+03
1.560901751548168022e+03
1.429805377145654120e+03
1.315687981096556541e+03
1.295510021310403545e+03
1.271503037951781835e+03
1.249761586971517318e+03
1.221625284476865772e+03
1.197686308241967708e+03
1.178825894966983242e+03
1.156258605478036998e+03
1.127950403068717605e+03
1.097931311145667223e+03
1.066069082663656673e+03
1.033967413206244373e+03
1.003764225769720383e+03
9.551617384629831804e+02
8.805771315344281902e+02
8.714212901371846556e+02
9.453976725046832144e+02
9.427961087276875105e+02
8.357949816369807650e+02
7.529620755228818325e+02
9.741865819307738548e+02
1.031206008897928768e+03
1.092650875074349187e+03
1.207668577505999110e+03
1.289157711235480747e+03
1.243861705962593305e+03
1.132789147752680719e+03
1.039424218285268353e+03
1.010730823321512958e+03
9.843551496385896371e+02
9.572203442302208032e+02
9.347144309240312623e+02
9.141277059032419174e+02
8.955431447146818300e+02
8.690247656633047200e+02
8.412317805818313445e+02
8.123365555787427184e+02
7.690144331037423626e+02
7.163145875708611356e+02
6.811611717389953355e+02
7.064825837693267658e+02
7.554021626883245517e+02
7.697166896683203277e+02
7.003780024145395373e+02
6.773408146978931654e+02
7.988000167757288636e+02
9.101056435204498030e+02
9.824227699899739719e+02
9.518707491501193090e+02
9.147355231571099239e+02
8.297590607294710026e+02
7.556349900521453264e+02
7.305093396612056722e+02
7.066766646526024260e+02
6.874497667287220111e+02
6.688692175326208371e+02
6.510713954287061824e+02
6.312630118524704130e+02
5.991869946996638419e+02
5.595811006259202713e+02
5.288190552769113992e+02
5.259764436996653103e+02
5.486962945696755014e+02
5.805199444873535413e+02
5.805554949310723032e+02
5.164790540956950053e+02
6.465150520478326825e+02
7.240930885538997472e+02
7.182190716620233388e+02
6.945528856928503956e+02
6.640199474787093550e+02
6.032690510108892568e+02
5.512236171554716293e+02
5.306003655125666683e+02
5.123690436959724366e+02
4.953106754979455673e+02
4.723036954548202857e+02
4.431949788065402913e+02
4.208843902533951677e+02
4.147007054715135723e+02
4.160723277970236040e+02
4.312237888373980468e+02
4.477835092752532091e+02
4.277642325204910208e+02
5.240314138075133314e+02
5.437242798138814805e+02
5.389341769684959900e+02
5.215111843326326380e+02
4.992710041849497884e+02
4.572650275419014179e+02
4.174791210890714410e+02
3.950316804237598944e+02
3.695429720202168937e+02
3.494017745435543816e+02
3.407019337350851629e+02
3.385432023460522259e+02
3.418268392299541460e+02
3.506364237773265131e+02
3.663200492858615576e+02
4.149307724265393063e+02
4.287038622360723821e+02
4.250714777019086910e+02
4.116665539895691381e+02
3.900598031838889028e+02
3.500791322933899323e+02
3.146898818928086143e+02
3.019593306626372851e+02
2.949117396064955301e+02
2.921194627726470117e+02
2.918583230540967293e+02
3.135674336967589966e+02
3.459833444963132365e+02
3.516899695317546275e+02
3.417925884339001072e+02
3.258017813367792996e+02
3.109791286695008807e+02
2.897767013306452668e+02
2.721422601974081772e+02
2.665886259585097946e+02
2.708526407983386548e+02
2.879677714071841024e+02
2.933616865876773545e+02
2.917133755724180446e+02
2.853556413853483491e+02
2.769949881614414835e+02
2.444223535318431288e+02
2.615729606246309800e+02
2.677764159989974928e+02
1.368929140782218383e+03
1.239882584026574932e+03
1.201112969566540642e+03
1.104091382136266475e+03
1.287496021680324475e+03
1.329103138910591042e+03
1.202112966669505568e+03
1.299870297537155921e+03
1.293121109131199319e+03
1.271507258555293902e+03
1.269765982087157226e+03
1.241858660428982830e+03
1.235047512364254089e+03
1.235411487916541546e+03
1.225223290355083918e+03
1.183905111270578800e+03
1.169814649859901692e+03
1.172958120327203915e+03
1.153877569137005139e+03
1.116062753666078834e+03
1.096709853758249665e+03
1.080269357497309329e+03
1.056881300796074584e+03
1.065335795352305240e+03
1.015761534987134837e+03
9.064090797627803795e+02
9.315792287673425562e+02
9.588896849803137457e+02
9.438183212923953533e+02
9.765606837929641415e+02
1.625594085335682848e+03
1.530453007344247681e+03
1.800870490699754328e+03
2.017843216688609118e+03
1.719424035314103548e+03
1.436771912258971270e+03
1.480172186020279241e+03
1.499928821175959001e+03
1.480934553901903882e+03
1.458486000966933489e+03
1.443025814859220418e+03
1.433317476430046327e+03
1.412277374212163295e+03
1.377437983862542069e+03
1.345239838027614041e+03
1.318283171952867178e+03
1.289131341023322193e+03
1.259275379630372072e+03
1.224671757466231838e+03
1.181093868861790952e+03
1.153517793473455185e+03
1.143861591494712229e+03
1.069517453732555168e+03
8.830811822586832704e+02
8.412099922324709951e+02
1.018003312653203579e+03
1.110459584853423166e+03
1.871984454761359530e+03
1.957131732777849720e+03
1.826972604407318386e+03
1.555640610203825872e+03
1.302336468031625827e+03
1.265523887846235993e+03
1.256333972960562278e+03
1.255872545248506640e+03
1.240988386802712057e+03
1.225985967818411154e+03
1.213789953873886361e+03
1.185409626458296543e+03
1.155748597005719603e+03
1.121991982112624783e+03
1.087501681450946080e+03
1.057343874617042957e+03
1.028853294558459311e+03
9.988937909250146276e+02
9.750768579203037234e+02
9.491102662852734966e+02
8.625243227524840677e+02
7.300354382413589747e+02
6.455043003536578681e+02
7.260058619556439226e+02
1.554889367887990147e+03
1.433786352160585238e+03
1.216253665492733035e+03
1.015913747952119365e+03
9.784802325272261214e+02
9.449807207477731481e+02
9.336010594633987694e+02
9.314418876848646960e+02
9.195674486505782852e+02
9.050117801542637608e+02
8.824269791947747308e+02
8.589437727483931440e+02
8.295184727524894015e+02
8.038620126283494756e+02
7.835408447098936904e+02
7.669231335359595505e+02
7.490797755003502516e+02
7.178323619552364789e+02
6.500961016885830759e+02
5.545259944746342171e+02
4.912207331524909364e+02
1.081238505074618843e+03
9.149857598298368657e+02
7.677003075854100871e+02
7.271974233603318680e+02
6.996603951168647200e+02
6.807829438486284062e+02
6.722724090152140661e+02
6.667848814596975444e+02
6.564049579501787548e+02
6.415791642016293963e+02
6.236822336244075586e+02
6.074429197730620444e+02
5.963430444651110065e+02
5.845230571354004496e+02
5.666604792432668773e+02
5.428734194335943357e+02
4.933155988114064598e+02
4.248379537632984011e+02
7.039723221805502362e+02
5.892339239756147435e+02
5.523984211181081037e+02
5.261684569626504526e+02
5.096780747128740927e+02
4.967448279146671553e+02
4.897065521280927101e+02
4.882674602706364340e+02
4.804207027553384819e+02
4.749485970633087959e+02
4.684983683406871364e+02
4.578461141142122983e+02
4.439509881821521162e+02
4.257531461241160855e+02
3.901477853891506697e+02
4.753859741636649119e+02
4.396508994753552315e+02
4.154195915568520263e+02
3.985680396162553620e+02
3.875867310460491240e+02
3.822345986312824948e+02
3.832351677592587862e+02
3.857706448093811673e+02
3.818244045325670868e+02
3.742828670692333048e+02
3.644987832276907511e+02
3.514651471303999983e+02
3.720741216675735927e+02
3.479196633030288694e+02
3.332262824234692289e+02
3.261469376795488415e+02
3.230017288291652449e+02
3.212622196187817849e+02
3.200499813535773797e+02
3.188017917003382991e+02
3.126276080310834118e+02
3.137156098387093834e+02
3.012330249170651655e+02
2.915853137569307023e+02
2.852916541161881696e+02
2.819229952278666929e+02
2.785435079209270270e+02
2.818040811423229002e+02
2.702148979543943028e+02
2.625550979704690917e+02
1.090584403593715251e+03
1.247557203844314472e+03
1.265391024243404672e+03
1.360579444768457961e+03
1.257176146678994201e+03
1.283401083178646331e+03
1.422916132622091709e+03
1.328946390171360918e+03
1.316474188252566364e+03
1.307237269836892892e+03
1.281168250809397477e+03
1.273960043407422972e+03
1.255546162885068725e+03
1.242119516047001753e+03
1.220864480407291694e+03
1.206496187351848448e+03
1.184534872120465707e+03
1.163700839636712317e+03
1.142931284643094159e+03
1.118585317294795004e+03
1.089843710885919563e+03
1.065481295484550856e+03
1.045155644022339857e+03
9.941363849415834011e+02
9.656092749200773824e+02
9.817648244160624245e+02
9.292882603886823745e+02
9.012979251943634154e+02
9.241169757271239860e+02
9.048268933545257369e+02
1.172627537797140349e+03
1.452194367865088680e+03
1.587030287421635421e+03
1.342281851642574338e+03
1.363000905230677745e+03
1.633575212451310335e+03
1.491602521375434435e+03
1.378043340938737856e+03
1.358824622445024943e+03
1.330138675600476518e+03
1.317066250384326622e+03
1.289367811372788765e+03
1.266087674300029676e+03
1.243276318709599991e+03
1.224450374353961706e+03
1.196741086878094620e+03
1.167409804404994020e+03
1.139772580748500104e+03
1.105168361276844735e+03
1.073198926825385115e+03
1.042852691403683821e+03
9.898616132596089301e+02
9.114886985684356659e+02
9.286875157198049919e+02
9.980671572722540077e+02
9.238339866391086161e+02
8.305547847675874209e+02
8.368998895585680202e+02
1.257692030519018317e+03
1.392412980304616667e+03
1.198480432357658174e+03
1.234374515524796607e+03
1.493721412338666369e+03
1.438048780025448877e+03
1.310178230083905191e+03
1.203466730822253567e+03
1.176409210840603009e+03
1.158059342199978119e+03
1.125171832117645181e+03
1.102678583633261496e+03
1.077557126231511802e+03
1.058755042194387443e+03
1.032357989520191040e+03
1.005418633829743840e+03
9.753874879574449324e+02
9.404548111676119788e+02
9.091740668945759580e+02
8.639691700900954174e+02
8.011305994271360760e+02
7.592269890704977797e+02
8.235246212545812341e+02
8.818677800706479957e+02
8.126428501952680108e+02
6.735833667882628788e+02
1.010656274365843160e+03
9.446016428059181180e+02
1.009333032960168339e+03
1.255453791409814357e+03
1.208708327966596244e+03
1.162581417290780564e+03
1.058203374296725769e+03
9.664808910580259180e+02
9.468472208535910113e+02
9.150693463370075733e+02
8.924948380801076837e+02
8.674272983908134620e+02
8.500027501826616572e+02
8.299076198112857128e+02
8.049652867583732814e+02
7.806515878231334682e+02
7.494134435483798597e+02
7.083953881985690941e+02
6.596610107289415055e+02
6.256885469598798863e+02
6.281525462977333518e+02
6.891737341065593228e+02
7.309041912183948853e+02
6.548069394421129346e+02
6.425782897275880714e+02
7.607005750129401349e+02
9.928485131656700560e+02
9.780755032631718677e+02
9.452134583433402213e+02
9.071325630401296394e+02
8.238263892848391379e+02
7.578102512918885623e+02
7.297607412595749565e+02
7.066468585312318282e+02
6.843862911528469795e+02
6.691812152971712067e+02
6.505465037316359940e+02
6.318560697095891783e+02
6.118092704176622192e+02
5.774095883036848136e+02
5.363615117133954300e+02
5.072882005497027080e+02
5.042670345037698212e+02
5.142778755841542306e+02
5.656073332540912588e+02
5.880802753992858243e+02
5.062133763383887981e+02
7.403321069067688995e+02
7.671424804845198651e+02
7.595131812342559670e+02
7.336394708725126748e+02
7.023695714456645192e+02
6.463057991500760409e+02
5.872460778794296630e+02
5.665930348732183575e+02
5.461091326402255390e+02
5.318674674913863782e+02
5.156445847430085223e+02
4.985367473195725552e+02
4.765726508943999988e+02
4.439722405902334117e+02
4.185372230207112239e+02
4.113196401459498475e+02
4.144963438730027292e+02
4.247100596366274203e+02
4.632123848870854772e+02
4.987630629985360429e+02
5.798826520358297785e+02
6.028845377998206914e+02
5.966664150642941422e+02
5.782305391670724930e+02
5.595129123016016592e+02
5.107270259365420202e+02
4.683919835246520051e+02
4.491922086812740531e+02
4.354737682149324769e+02
4.200825722803194253e+02
3.991751852549946875e+02
3.762027413139329610e+02
3.553586456214053442e+02
3.467144503269747702e+02
3.453074060731582904e+02
3.498206771462332085e+02
3.570317184498520646e+02
4.083275950353814210e+02
4.696257291205972706e+02
4.867274428883439441e+02
4.837716581833787473e+02
4.751380661870796303e+02
4.548858702875084532e+02
4.193258947938260235e+02
3.845104458682254176e+02
3.705283018767307794e+02
3.511294698344701146e+02
3.285853562850709295e+02
3.116494516001222905e+02
3.023404651218394861e+02
2.988060036527586476e+02
2.994672812525762993e+02
3.033809378806578820e+02
3.506793495097730329e+02
3.946153730163531463e+02
4.091603219147155528e+02
4.121930834020810721e+02
4.003463563152719189e+02
3.844239002865724615e+02
3.542749110696244657e+02
3.249564495959061219e+02
3.030551217019760770e+02
2.837747936134034035e+02
2.751104682836559050e+02
2.687959045985847411e+02
2.663459321627518648e+02
2.672099579034127714e+02
3.124057139161910186e+02
3.464395926520187459e+02
3.616217998366601591e+02
3.590546203504256368e+02
3.488119518711930596e+02
3.301308770832212076e+02
3.020305837088731096e+02
2.733495308394296899e+02
2.599703799786606737e+02
2.529320165560962721e+02
2.476172004551866905e+02
2.447519545380897910e+02
2.889162757875532179e+02
3.175614808594972374e+02
3.242292202016369060e+02
3.185880695228364630e+02
3.026029132573427773e+02
2.864171357240613247e+02
2.655774414036472990e+02
2.469389620168646502e+02
2.401448634824966462e+02
2.341503453574355547e+02
2.750699147131306290e+02
2.903451841813583769e+02
2.899167485862806188e+02
2.807232750821030436e+02
2.728939903316531854e+02
2.615813468600661054e+02
2.456917084014586692e+02
2.331786577140159125e+02
2.547010774552042562e+02
2.633644604900277386e+02
2.640417312854545457e+02
2.622748134857793048e+02
2.549899690601910152e+02
2.452740884558148196e+02
2.393210695820687022e+02
2.481045289365257531e+02
2.518558777591907187e+02
2.485754916302784636e+02
2.307708069020639243e+02
2.401510418248357155e+02
