9.437132545559154551e+02
8.871057474507558709e+02
8.662120842646201027e+02
8.091852696838152497e+02
9.602479116754898314e+02
9.717107661539088213e+02
8.507385512319381178e+02
9.277207683633446322e+02
9.337994805708092372e+02
9.228913642996972158e+02
9.225259739917148636e+02
9.058686525548461077e+02
9.065376392457683323e+02
9.135190226467758521e+02
9.104361949617577920e+02
8.849822116817475717e+02
8.811513908240413002e+02
8.898541655203225673e+02
8.842495262181207636e+02
8.630541163699502931e+02
8.566809100828247665e+02
8.510833804290424496e+02
8.423224036017827530e+02
8.620345078407273149e+02
8.368233223261204330e+02
7.568051359536460723e+02
7.898953593626059728e+02
8.136185526796206204e+02
8.019282673749169135e+02
8.213912309419949906e+02
1.168894665791687657e+03
1.075534941783715794e+03
9.581074960517296404e+02
1.116095694157891330e+03
1.342285513301622586e+03
1.134759571290234589e+03
9.746377195827616333e+02
1.081195690354847102e+03
1.078405321649137932e+03
1.069304953779339257e+03
1.057892537934788834e+03
1.044863010916023995e+03
1.045087245199491235e+03
1.034794143020427327e+03
1.014041376008337011e+03
9.943353084060179299e+02
9.850944304356471548e+02
9.731710219590916040e+02
9.542264195540275296e+02
9.362473100066034704e+02
9.077166902139725835e+02
8.872836019558668568e+02
9.004294168080892860e+02
8.908858841325971980e+02
7.401334336305828856e+02
6.954456567662460884e+02
8.541163750348124495e+02
8.762004988112931869e+02
8.503766092647158530e+02
1.254319524622004337e+03
1.057764827054187663e+03
1.217874036662990193e+03
1.457034720133592600e+03
1.441012551694934245e+03
1.167767319693346508e+03
9.731848607804806761e+02
1.086242718719030336e+03
1.090610318674103155e+03
1.070896458012638504e+03
1.062762082466431366e+03
1.049595820188553262e+03
1.048417234647628447e+03
1.022389294506529950e+03
9.993713035693698430e+02
9.762345799147783509e+02
9.532515860710362858e+02
9.321113639882651114e+02
9.119584273133789338e+02
8.804613829128317093e+02
8.492855134472290501e+02
8.556279706907592981e+02
8.427789335142006166e+02
7.137520916584911674e+02
5.753497005532898356e+02
6.760987553879172083e+02
8.392686831949440602e+02
8.548027239871834126e+02
1.117069092905037223e+03
1.251832921093156301e+03
1.471808663138228439e+03
1.440298456873405939e+03
1.370513063324876384e+03
1.079240795439927524e+03
8.846536921239918456e+02
9.987591452970025330e+02
9.970763310139271880e+02
9.810298356748666038e+02
9.726293937107667489e+02
9.627981925949202378e+02
9.520248042399210817e+02
9.232040749867438763e+02
8.989114925599145636e+02
8.664358139480494856e+02
8.414981331065522454e+02
8.208287894426324556e+02
7.912181256549323507e+02
7.636529279879844125e+02
7.650321696405458169e+02
7.513499027544976343e+02
6.376255112461815315e+02
5.044412911558297878e+02
5.031044875342109890e+02
6.225618923145672170e+02
7.710310749354830477e+02
1.256858177535750201e+03
1.439444944020028061e+03
1.375488175583150223e+03
1.297887109726017570e+03
1.209719212877926111e+03
9.404164623305762234e+02
7.678883194546491495e+02
8.660560004550189888e+02
8.681452161308685618e+02
8.532663328266397684e+02
8.486514188563602374e+02
8.328596476749183921e+02
8.194549723176859288e+02
7.933200533781031254e+02
7.628791256087636157e+02
7.326413184980929145e+02
7.114969960768761439e+02
6.860207287938856098e+02
6.619638989726773843e+02
6.678210249049059257e+02
6.566517123503073208e+02
5.585524691823952708e+02
4.325819633510133713e+02
4.149293857230198910e+02
4.402248177278252115e+02
5.576182757411387456e+02
1.399886259922235013e+03
1.301926521389755635e+03
1.198949282928795355e+03
1.114010676391450261e+03
1.031208025659426539e+03
7.987582681478087352e+02
6.454740969010310891e+02
7.332940053037285679e+02
7.359275941232359628e+02
7.266104204183588990e+02
7.163835723651316130e+02
6.994946004037174134e+02
6.892545173287680882e+02
6.610257154012405181e+02
6.341499903594580019e+02
6.098314447348824388e+02
5.879702262136463560e+02
5.690810685525161716e+02
5.762116404631075284e+02
5.742523577703865385e+02
4.915051828833508125e+02
3.749223722220527293e+02
3.464040448613045555e+02
3.527178722782764453e+02
3.876082354981662661e+02
1.243347516500287838e+03
1.114690757062600369e+03
1.013740023592071680e+03
9.407646528525731355e+02
8.698254300154270595e+02
6.658067273928703571e+02
5.383048357160625983e+02
6.142611011927835989e+02
6.210216764598962982e+02
6.083237634608132112e+02
5.961875006839463822e+02
5.842969724803494955e+02
5.720089692327094326e+02
5.490017896169118785e+02
5.281881722240841555e+02
5.059761847077478478e+02
4.913042370168215598e+02
5.014353347723384218e+02
5.035572837212778268e+02
4.381934256411934143e+02
3.320007671907197846e+02
2.983782087697920815e+02
2.918136805221143391e+02
3.085429745902554828e+02
1.057000569241533185e+03
9.377865947950351710e+02
8.552913069366867376e+02
7.963407257751858879e+02
7.276880576904479767e+02
5.552805106384246301e+02
4.491268220470887513e+02
5.181146474995356357e+02
5.207540481638367282e+02
5.073745338505287918e+02
4.996545976141228493e+02
4.874271035670395804e+02
4.786181185792203223e+02
4.622644858651209461e+02
4.444332007137779783e+02
4.297308845798293078e+02
4.421493342733883196e+02
4.496287543301871779e+02
3.942492124800595548e+02
3.003337735392815944e+02
2.657999153754874442e+02
2.522569259494948994e+02
2.564528050386896894e+02
8.919620058144291761e+02
7.955510459390608275e+02
7.308221537518187461e+02
6.746609191847104512e+02
6.131412879163610796e+02
4.661577413819809408e+02
3.803709756240947968e+02
4.374641251589272315e+02
4.381072380456948281e+02
4.299620836446879935e+02
4.216935183087549035e+02
4.131038768944384856e+02
4.090685977335296002e+02
3.966113648592836967e+02
3.856279747692146884e+02
3.965526417805494930e+02
4.081478499921016123e+02
3.624853232718913887e+02
2.752407929804853666e+02
2.432669206101088832e+02
2.271020619946681904e+02
2.241175526960641378e+02
7.651240732150916983e+02
6.887528791361473850e+02
6.291968140076867257e+02
5.786039085262767685e+02
5.223879326449252858e+02
3.989565850158556941e+02
3.240249182041767995e+02
3.722855219986763586e+02
3.766798389111637562e+02
3.688251483667393131e+02
3.631999555320979312e+02
3.592238817890690257e+02
3.580049122611061989e+02
3.520756618038884085e+02
3.652157010075983408e+02
3.766890012284073919e+02
3.385433220067582170e+02
2.582428216149365880e+02
2.260836948647447286e+02
2.105511994943574905e+02
2.044645675724350440e+02
6.735142017214899397e+02
6.033287498415556911e+02
5.500048314686198410e+02
5.032440170824248753e+02
4.548723657411016461e+02
3.441765332907127686e+02
2.789444269646269277e+02
3.249309685316150649e+02
3.286719766013492290e+02
3.234715716256624205e+02
3.215821732238563868e+02
3.205869333225123796e+02
3.243795343091672407e+02
3.415955125733698310e+02
3.561698914955452437e+02
3.205305982457642813e+02
2.458196639736671614e+02
2.152982400828807101e+02
1.982671219296836114e+02
1.919891532771692084e+02
6.011254705187293439e+02
5.371447486138567911e+02
4.881508931334423664e+02
4.477216428432923294e+02
3.994120828893679231e+02
3.002464908092655946e+02
2.467356994600649784e+02
2.880297340772090706e+02
2.931906355027907694e+02
2.916315248659371377e+02
2.923155688174595639e+02
2.958992389425757210e+02
3.210937366890514113e+02
3.407185311923912536e+02
3.097941871756258365e+02
2.366181672620702159e+02
2.077327925505804558e+02
1.912275624571049661e+02
1.828414451697719585e+02
5.449992025010805037e+02
4.854181277747168224e+02
4.429149584519172436e+02
4.012489884025428637e+02
3.543924068969465679e+02
2.691749431097317711e+02
2.215811062941018292e+02
2.607294306285639323e+02
2.685249522294971598e+02
2.696465773692292487e+02
2.742368468551427441e+02
2.979658783132429676e+02
3.259948401386443493e+02
3.017243787563098181e+02
2.318841693852879473e+02
2.022487580576563744e+02
1.865277220527902671e+02
1.781233264035027730e+02
5.008941106206846143e+02
4.477885505517506886e+02
4.040636613848906791e+02
3.627298536119542973e+02
3.228570138825573963e+02
2.447272923300631930e+02
2.028915105293634724e+02
2.419071588399605446e+02
2.518038555003405179e+02
2.566382222556226793e+02
2.801796578885977738e+02
3.069842595107616035e+02
2.927214857813486901e+02
2.283774380654498657e+02
2.000565820201360623e+02
1.831949222947723399e+02
1.751349054602467277e+02
4.689463333037373332e+02
4.144352906578992020e+02
3.710430793068479716e+02
3.360926971310871636e+02
2.976664824164649303e+02
2.264625513885869168e+02
1.900892084333178786e+02
2.294014318869965905e+02
2.424247197038998536e+02
2.654814310483276358e+02
2.921748343659315310e+02
2.788279964900935965e+02
2.234639366634218618e+02
1.984800716314418878e+02
1.824545776988397279e+02
1.730347589080585067e+02
4.394666597493989002e+02
3.852949983073957014e+02
3.485608924296869304e+02
3.143354786494207360e+02
2.786632344490165565e+02
2.140567555172822836e+02
1.817527208442735400e+02
2.228431157869820254e+02
2.532360357075041293e+02
2.797076911967447472e+02
2.679021961837514709e+02
2.143708700123829658e+02
1.952820048394649461e+02
1.819572449611338527e+02
1.730916051834093707e+02
4.128892162815387792e+02
3.658017909011814481e+02
3.297197845435337058e+02
2.977169733124906656e+02
2.659273689087222010e+02
2.062072801190991242e+02
1.776977247003069920e+02
2.345508254808083564e+02
2.689567831721504945e+02
2.585590102442607190e+02
2.072005985764160698e+02
1.881992619072130424e+02
1.796976033168859317e+02
1.731481442754210320e+02
3.955019224304442105e+02
3.490105514717176334e+02
3.151410949484041453e+02
2.868270142520685795e+02
2.582289226466447758e+02
2.028252945677277808e+02
1.880555254461152970e+02
2.506787557961464472e+02
2.502277516347776611e+02
2.010196822132990349e+02
1.826114362722339592e+02
1.737163920583228958e+02
1.713403731679875648e+02
3.800559005935317032e+02
3.358542158559420159e+02
3.058543150841593956e+02
2.807403072978279965e+02
2.556254782129288685e+02
2.157614322555670583e+02
2.018996593821942440e+02
2.344336338544287628e+02
1.953666084336292101e+02
1.777753055608603177e+02
1.689936535595086582e+02
1.659012007607386749e+02
3.678058883474667482e+02
3.277430003277715400e+02
3.012004731675821176e+02
2.796904748648634040e+02
2.734372760263320288e+02
2.450132607379040905e+02
1.895512728014514323e+02
1.836726841288933940e+02
1.732570563324094621e+02
1.648984996741744169e+02
1.615929720047449507e+02
3.605687307784099858e+02
3.242328890573040781e+02
3.015547791108201068e+02
3.008492874461679776e+02
3.097011883309422160e+02
2.510046095677181484e+02
1.489020937554513182e+02
1.632612192365168369e+02
1.610043794106594248e+02
1.578535545825493216e+02
3.580917248219130329e+02
3.258129291347892149e+02
3.257780885510889561e+02
3.401490210906370635e+02
3.150437305277936844e+02
1.939311020637509273e+02
1.325854527010775428e+02
1.519443525412707459e+02
1.542518228503104467e+02
3.609793273288728983e+02
3.531482482703070218e+02
3.675495267243594526e+02
3.440232497900690873e+02
2.453547831700080906e+02
1.700666484899761599e+02
1.235337082128280741e+02
1.456611424858173223e+02
3.923989341722976860e+02
3.974553041527161099e+02
3.696625354116232529e+02
2.698947596608392701e+02
2.165601390815020864e+02
1.562369257168877539e+02
1.184709152084017489e+02
4.406388585114614216e+02
3.975701629330815194e+02
2.917958391714295203e+02
2.396496777337491721e+02
2.000055780729785226e+02
1.478449018813011264e+02
4.385858646288357363e+02
3.154492599886766016e+02
2.603973488509224694e+02
2.224222779731666435e+02
1.900425322122750060e+02
3.496074315867863334e+02
2.826906194842794662e+02
2.426795252982203692e+02
2.121516036678653165e+02
3.144766389934192716e+02
2.643727788925679647e+02
2.322109620547267070e+02
2.950182812974427407e+02
2.536381194179697900e+02
2.837065378053871427e+02
8.236110148408523628e+02
8.983787607150610484e+02
9.166985495409833220e+02
9.846545641799767736e+02
9.149206890798885752e+02
9.263643823076719173e+02
1.015735360058406286e+03
9.577339028493352089e+02
9.521909104214582840e+02
9.482789687074726999e+02
9.339307751399938979e+02
9.314607789343043578e+02
9.227228678992424875e+02
9.160874344262504110e+02
9.051827911400779385e+02
8.990035415560588490e+02
8.875395323008436890e+02
8.776496001702653302e+02
8.674190686456462345e+02
8.558402060854305091e+02
8.399012998181814282e+02
8.290259543599372591e+02
8.217174708983166056e+02
7.902684394297175459e+02
7.773020136005238783e+02
8.025898154802466706e+02
7.635959488466303355e+02
7.468503244812206958e+02
7.695634792834854352e+02
7.585204890440520558e+02
9.381745128121876860e+02
1.087413853287121128e+03
1.009251618085101995e+03
9.169394608179800343e+02
1.022683844768980407e+03
1.119732985985574032e+03
1.054240152582366591e+03
9.712288853691012491e+02
9.516449428650016671e+02
9.398707509439803971e+02
9.255677035129041315e+02
9.067692438001433857e+02
8.890353921422599797e+02
8.767915885007292900e+02
8.622803854655962823e+02
8.423019453791949900e+02
8.213774930788184747e+02
7.990561093467774754e+02
7.777801454998829058e+02
7.585051553180908286e+02
7.253816047624283101e+02
6.688883598485425637e+02
6.659943879161286304e+02
7.321661997600851919e+02
7.346933739679224118e+02
6.524948744053398286e+02
6.014899939323152012e+02
7.879633095641894442e+02
7.878577062515801117e+02
8.172275194300086696e+02
9.026258985464916123e+02
9.693044285881821907e+02
9.536828106449289635e+02
8.783317772674441812e+02
8.051804585982778235e+02
7.805951717602719100e+02
7.617895936907638088e+02
7.411579273995405401e+02
7.237566433053625587e+02
7.076681965712864439e+02
6.928889457732728943e+02
6.724445679487267853e+02
6.507151898441585445e+02
6.288012384048543026e+02
5.962704341470947611e+02
5.536259480766653951e+02
5.247126830582460570e+02
5.455113414573785349e+02
5.886808360329589505e+02
6.046333789968985002e+02
5.614359421957012728e+02
5.758046234079610031e+02
6.467009158433270386e+02
7.236863078282324295e+02
7.792764988716246535e+02
7.719381949074827389e+02
7.443231017830599967e+02
6.805677625112033411e+02
6.199822935978263558e+02
5.961284334800626539e+02
5.778685021044175301e+02
5.615539008468350630e+02
5.460057369629003006e+02
5.309732223769492521e+02
5.148070413180236073e+02
4.886301623105246676e+02
4.541444666229593849e+02
4.268526757255430084e+02
4.226411481286642697e+02
4.417697213065689539e+02
4.713934563417812456e+02
4.794772777314519772e+02
4.698056046170439686e+02
5.555534655441890663e+02
6.105943354948987007e+02
6.136320133679350874e+02
5.974318657921634212e+02
5.709699258384896439e+02
5.226843191542451450e+02
4.777158319970984621e+02
4.578310723531384951e+02
4.424439075372683874e+02
4.277784011106995763e+02
4.079746121594340025e+02
3.812494994166630136e+02
3.600290562907441654e+02
3.527489091789859685e+02
3.529290066916072988e+02
3.669548615980089608e+02
3.871747114305414925e+02
4.087295291646042301e+02
4.740912800388283017e+02
4.902206586123907073e+02
4.850235090513317004e+02
4.704889933313689312e+02
4.505138933962808778e+02
4.152056905518302869e+02
3.797609641625476797e+02
3.580118104757231663e+02
3.347011853932879148e+02
3.151188319252222527e+02
3.058894566818748331e+02
3.027976450804013098e+02
3.057522338223362794e+02
3.168318709425332145e+02
3.625880242768952257e+02
3.955000464958798148e+02
4.024403304282889167e+02
3.972369891496388732e+02
3.856528836305665209e+02
3.654286685349399022e+02
3.292819765260276199e+02
2.955521765255994637e+02
2.820297639496018860e+02
2.753614828317976162e+02
2.726351633785280910e+02
2.738629606367889551e+02
3.186761617237158930e+02
3.386685190271402348e+02
3.391279513235066361e+02
3.275202369267331051e+02
3.120553591009224306e+02
2.977238397965741115e+02
2.782886087524298659e+02
2.617511100944080340e+02
2.569150500739054905e+02
2.771743093775932039e+02
2.854220683286086455e+02
2.867329713391928863e+02
2.837748616725933175e+02
2.781346546533397373e+02
2.709687749278339766e+02
2.503374672612344796e+02
2.618437887595223970e+02
2.657474289353122572e+02
9.437132545559154551e+02
8.871057474507558709e+02
8.662120842646201027e+02
8.091852696838152497e+02
9.602479116754898314e+02
9.717107661539088213e+02
8.507385512319381178e+02
9.277207683633446322e+02
9.337994805708092372e+02
9.228913642996972158e+02
9.225259739917148636e+02
9.058686525548461077e+02
9.065376392457683323e+02
9.135190226467758521e+02
9.104361949617577920e+02
8.849822116817475717e+02
8.811513908240413002e+02
8.898541655203225673e+02
8.842495262181207636e+02
8.630541163699502931e+02
8.566809100828247665e+02
8.510833804290424496e+02
8.423224036017827530e+02
8.620345078407273149e+02
8.368233223261204330e+02
7.568051359536460723e+02
7.898953593626059728e+02
8.136185526796206204e+02
8.019282673749169135e+02
8.213912309419949906e+02
1.111891927293878098e+03
1.056095420159747391e+03
1.246178470920479867e+03
1.394525624613443597e+03
1.231576879944839447e+03
1.021304377685623535e+03
1.040948739079701454e+03
1.074449199360773036e+03
1.066661518590390870e+03
1.053781008086418524e+03
1.042166100559661800e+03
1.038426216494413666e+03
1.026760896034876623e+03
1.003693392762890653e+03
9.821799874987517569e+02
9.650881880377412472e+02
9.478079451754523461e+02
9.280100851774001285e+02
9.057295140407694589e+02
8.761730255305777746e+02
8.611277426725481519e+02
8.655604723275656625e+02
8.199429128765784753e+02
6.768470400590255167e+02
6.476822946819659137e+02
7.905918610749813524e+02
8.545362117786468161e+02
1.315847501130372166e+03
1.399607333860449444e+03
1.347184840513343715e+03
1.165467719614672660e+03
9.657720226587632624e+02
9.315636388325390271e+02
9.341110440717615120e+02
9.404140657016340583e+02
9.326983629452657851e+02
9.214887859083208923e+02
9.132602382616486238e+02
8.928920557189503597e+02
8.695217642446806394e+02
8.428506174542056897e+02
8.168443154395829424e+02
7.938061158040903820e+02
7.714530432000935889e+02
7.494158798334424318e+02
7.348774492970043184e+02
7.203019688281494837e+02
6.581925476853356258e+02
5.519338500011249380e+02
4.821278772142216553e+02
5.412536782446552479e+02
1.207311996051071446e+03
1.123022658729415980e+03
9.640031975122745962e+02
8.040474618464481864e+02
7.652502106086961930e+02
7.455210233279450449e+02
7.385258594684806894e+02
7.403850338860841021e+02
7.313400470675346696e+02
7.191947817426005258e+02
7.006633812092493372e+02
6.798088925318546671e+02
6.551212352160403043e+02
6.328944467359152668e+02
6.160866382660327645e+02
6.026291867766276482e+02
5.894722167489912863e+02
5.658168894712765677e+02
5.122248193935192830e+02
4.305853879291893804e+02
3.733748824462576863e+02
8.967245910191080611e+02
7.702814366984529215e+02
6.471379704524831595e+02
6.085945479673285945e+02
5.879456263307871495e+02
5.728857890557460451e+02
5.667021816931110152e+02
5.622895383179029523e+02
5.529543665992769093e+02
5.392749259160038946e+02
5.227662785212810377e+02
5.078310531461418691e+02
4.980458389615915280e+02
4.873554315602889915e+02
4.711646918161071085e+02
4.508544269379045772e+02
4.084905037175929010e+02
3.456335818524730712e+02
6.233984363450118735e+02
5.249193795320865092e+02
4.895065800637784150e+02
4.691020750025498955e+02
4.540111993881427566e+02
4.423060479330392809e+02
4.351527037539411253e+02
4.332429726658115783e+02
4.262816094828638711e+02
4.203806013320098600e+02
4.138099675996513724e+02
4.030121971343567111e+02
3.896977642663532038e+02
3.724583673669952759e+02
3.395642751782212940e+02
4.400595146378777258e+02
4.065885818927980040e+02
3.867422010563486765e+02
3.712115389349498287e+02
3.602861470025972608e+02
3.544337815682552559e+02
3.550429152490903562e+02
3.569903507965175322e+02
3.522070893917020271e+02
3.436881409590908447e+02
3.335396161586036783e+02
3.204986194419064418e+02
3.526655891604317503e+02
3.322451110567240562e+02
3.188241234731777354e+02
3.122934407965380501e+02
3.086795863266003153e+02
3.059915406616211726e+02
3.038156909342043264e+02
3.012686309450639328e+02
2.942504758863484540e+02
3.029916573227077947e+02
2.918134737051590832e+02
2.828980507302453589e+02
2.763692770726395338e+02
2.721614306576751687e+02
2.677559742069242930e+02
2.731285399984607238e+02
2.622134083944329745e+02
2.546318804885097791e+02
8.236110148408523628e+02
8.983787607150610484e+02
9.166985495409833220e+02
9.846545641799767736e+02
9.149206890798885752e+02
9.263643823076719173e+02
1.015735360058406286e+03
9.577339028493352089e+02
9.521909104214582840e+02
9.482789687074726999e+02
9.339307751399938979e+02
9.314607789343043578e+02
9.227228678992424875e+02
9.160874344262504110e+02
9.051827911400779385e+02
8.990035415560588490e+02
8.875395323008436890e+02
8.776496001702653302e+02
8.674190686456462345e+02
8.558402060854305091e+02
8.399012998181814282e+02
8.290259543599372591e+02
8.217174708983166056e+02
7.902684394297175459e+02
7.773020136005238783e+02
8.025898154802466706e+02
7.635959488466303355e+02
7.468503244812206958e+02
7.695634792834854352e+02
7.585204890440520558e+02
8.852087590860652426e+02
1.053803794181608509e+03
1.124165760656629118e+03
9.665270071884445997e+02
9.700720999620783687e+02
1.144263226349912202e+03
1.088662966514739765e+03
1.005958163322936116e+03
9.885105359259188162e+02
9.730314412263902568e+02
9.653168752182859862e+02
9.487798124960182804e+02
9.312883253370375769e+02
9.170469155598323141e+02
9.054227490091991513e+02
8.877818562638392450e+02
8.675477056936401823e+02
8.493487262335464720e+02
8.265900211242933437e+02
8.055660034620223087e+02
7.880744744033631832e+02
7.520344858740376139e+02
6.940188430987864194e+02
7.147139997520079078e+02
7.805692132725182546e+02
7.206890675364724075e+02
6.515482158388522294e+02
6.736797355973683352e+02
9.683176877494164501e+02
1.033279841552358448e+03
8.873648257473969352e+02
8.951975205783988940e+02
1.071127568623660181e+03
1.072102573769718447e+03
9.899444756404764121e+02
9.074765769278767493e+02
8.844284973746606511e+02
8.734372204616710178e+02
8.512160989854802438e+02
8.331244470703584284e+02
8.143825230162143498e+02
8.009011922479929808e+02
7.819573244690272986e+02
7.608145191248096353e+02
7.380265739219730676e+02
7.127360648399882166e+02
6.903769805275563840e+02
6.578104496890445034e+02
6.083474692952842133e+02
5.762121353696990127e+02
6.313947131661775529e+02
6.873494380403888044e+02
6.316621320793054792e+02
5.314169072803587142e+02
8.163474593304495102e+02
7.363303994169339148e+02
7.624660776827269046e+02
9.306433212657926788e+02
9.392992307743213587e+02
9.087710768870404081e+02
8.338116051569942329e+02
7.621012259649633052e+02
7.427195138175517286e+02
7.209314332904896219e+02
7.011627798603550445e+02
6.820273245684060157e+02
6.676122217555880525e+02
6.517619257801754884e+02
6.309142114045894232e+02
6.111455333244931580e+02
5.870476220496892665e+02
5.547151836741064699e+02
5.147864000041482768e+02
4.853211789066863275e+02
4.866572155202312047e+02
5.399936809224842591e+02
5.838317538530501452e+02
5.275395024701797411e+02
5.531706806857578158e+02
6.113178578442700655e+02
7.725676604387303996e+02
7.931135590984360988e+02
7.747433761208496890e+02
7.435956096268730562e+02
6.812888404813839998e+02
6.263832267335527604e+02
6.013269299061961419e+02
5.817587584591520908e+02
5.632746442986471038e+02
5.503441664075070321e+02
5.344294742543187340e+02
5.177656547910340805e+02
5.010771369214967876e+02
4.727043071304041746e+02
4.365468275460921177e+02
4.104403802416725284e+02
4.053890896632849490e+02
4.133765736892697760e+02
4.613278033980233772e+02
4.944293586646725203e+02
4.534296004743115986e+02
6.162212032909845902e+02
6.553156230112199410e+02
6.504064058279708433e+02
6.307525267015453210e+02
6.043583471058913119e+02
5.594677875868948149e+02
5.099823828204758911e+02
4.882573808390102954e+02
4.714029592310301382e+02
4.584521494518590430e+02
4.444251827507474104e+02
4.285881131022944146e+02
4.092797350439376487e+02
3.799069675248192084e+02
3.553960934534328544e+02
3.470232634760251926e+02
3.480496836773346558e+02
3.578771418439748118e+02
3.993822748474599962e+02
4.630937560152142396e+02
5.287038820307384412e+02
5.416479186654828482e+02
5.340613216514509531e+02
5.194074442606445245e+02
5.020808891332501389e+02
4.622265178599866999e+02
4.231024857770646008e+02
4.042441029658334060e+02
3.921727562668999667e+02
3.783227965748341717e+02
3.588330552934421007e+02
3.366462036954838482e+02
3.164709045275964741e+02
3.066908512762118448e+02
3.041488952300392157e+02
3.075775694469542145e+02
3.171928976036959398e+02
4.089162152414248226e+02
4.458626148711139194e+02
4.537618735669093439e+02
4.493091871490682365e+02
4.416066912886738578e+02
4.237928790779243400e+02
3.916327390234578729e+02
3.597085119121277330e+02
3.453184095936252902e+02
3.278779803640481987e+02
3.053811661273851996e+02
2.883681732431060709e+02
2.785496200941742586e+02
2.740167472021549315e+02
2.744670643775456824e+02
2.791722987151335360e+02
3.577918942550334123e+02
3.844490135033119032e+02
3.921154337107010406e+02
3.926381039867803793e+02
3.827686141368900508e+02
3.667409199396784629e+02
3.397784104210650185e+02
3.116149982015927549e+02
2.893729140596644811e+02
2.702566936946821556e+02
2.610359229296465173e+02
2.546253157577866091e+02
2.517487801783466637e+02
2.536104660052560291e+02
3.209038592736602595e+02
3.429204266289089560e+02
3.523235527042172066e+02
3.490851124768005889e+02
3.387163482796221388e+02
3.209589979808675935e+02
2.937838258817204178e+02
2.656863247048743801e+02
2.514345452618601939e+02
2.446619955637184489e+02
2.396045327360792214e+02
2.373177158150235186e+02
2.969043099819730287e+02
3.168029553458287069e+02
3.203293440325834922e+02
3.125313271943551854e+02
2.968375175279898599e+02
2.804490308773146694e+02
2.606753665871688668e+02
2.421380171419554301e+02
2.352432327537141532e+02
2.305894240024195767e+02
2.821625256910360804e+02
2.918914434625975787e+02
2.871634153462621839e+02
2.768205358489964851e+02
2.688076032152160906e+02
2.580892125810360653e+02
2.429265233822828804e+02
2.313374820536409402e+02
2.613401216307627237e+02
2.643816312097516175e+02
2.626106028485054935e+02
2.595549277866592774e+02
2.528936381334360419e+02
2.438855275567163119e+02
2.446842772809811777e+02
2.499459322769131120e+02
2.513674214370157358e+02
2.479270287220317641e+02
2.365256971073923751e+02
2.429202266126816028e+02
