1.202303133735856136e+03
1.110958999929895072e+03
1.065444402222611188e+03
1.001415242565365588e+03
1.182874737830949243e+03
1.211700717718728583e+03
1.078543143858508529e+03
1.177053973715313305e+03
1.171140745851504334e+03
1.149194522880338127e+03
1.150325081416239982e+03
1.124893537400482728e+03
1.120143409496359936e+03
1.123203432722884372e+03
1.114438645787089627e+03
1.078367543785388762e+03
1.068874821004912974e+03
1.072366243151489243e+03
1.058697355679463953e+03
1.028972953050548540e+03
1.014058601414296163e+03
9.993819460128702303e+02
9.812443353836716824e+02
9.942502224553301176e+02
9.557033515821793799e+02
8.552847847012565126e+02
8.815359430354733377e+02
9.026105299730355682e+02
8.886930625113700444e+02
9.139694581894887051e+02
1.516722136150606730e+03
1.378371984981577043e+03
1.261396699767759173e+03
1.442975395325341879e+03
1.747311258894130788e+03
1.478558306622069267e+03
1.247431385294410347e+03
1.380860417623322064e+03
1.365228094582224003e+03
1.346631026869945572e+03
1.331549874060652428e+03
1.316136323775309165e+03
1.313367656642036991e+03
1.297429270355493600e+03
1.270709626480214638e+03
1.240959724711892477e+03
1.223070178313821089e+03
1.201552521365809753e+03
1.175155885916165289e+03
1.146789231212228515e+03
1.113124367618648421e+03
1.082622430501359531e+03
1.086899488437575883e+03
1.060890807359004611e+03
8.768640281088314623e+02
8.176123507541401523e+02
9.974947517868534987e+02
1.022023786486535300e+03
9.951775887621846550e+02
1.628869860634145425e+03
1.398070125592787463e+03
1.596450857370955646e+03
1.876125751284679836e+03
1.843438530307786095e+03
1.495467359278722824e+03
1.234671251981512341e+03
1.374083547219595175e+03
1.366382892918852349e+03
1.337403600856753883e+03
1.326795652350237788e+03
1.312067124110508075e+03
1.307044082704288257e+03
1.273359438828260636e+03
1.246745849646966690e+03
1.215543125819145644e+03
1.181051341151884799e+03
1.156518060161663698e+03
1.130063811017589842e+03
1.090783132352067469e+03
1.051080423772205449e+03
1.051398839661464990e+03
1.024649682013622396e+03
8.656515203727467451e+02
6.967631203450857811e+02
8.148017079266187466e+02
1.004473080342679168e+03
1.039543765615184157e+03
1.491397350977988935e+03
1.642988640439211849e+03
1.903423846068042621e+03
1.795537118318729654e+03
1.705687922890034542e+03
1.369666381307196161e+03
1.110607191436556150e+03
1.250065978412558252e+03
1.235818610745156093e+03
1.214721608679459223e+03
1.201984349638420099e+03
1.191630930607262371e+03
1.175289785618796714e+03
1.140959520941402843e+03
1.114961826179729542e+03
1.074379619499252385e+03
1.043655912187840613e+03
1.020818718293564871e+03
9.863219273527540736e+02
9.506230463679042941e+02
9.478876559217013664e+02
9.238580482590375595e+02
7.844420424077186453e+02
6.241143284430844460e+02
6.250525001593535990e+02
7.684464622489526846e+02
9.552767235272343669e+02
1.664180540820362239e+03
1.862654921398861688e+03
1.711932010120252471e+03
1.567985749595363814e+03
1.486442080587584996e+03
1.178570341146666806e+03
9.515866841884057976e+02
1.069119486302427276e+03
1.062046296705402483e+03
1.042168857081657052e+03
1.034897131425623456e+03
1.017427174340958004e+03
1.000410929865102617e+03
9.707552536501405029e+02
9.376719662408869453e+02
9.044131983067542251e+02
8.789667173550928965e+02
8.513387988641434276e+02
8.223919223165661379e+02
8.258824101561237967e+02
8.058304936621519801e+02
6.878351379887643589e+02
5.391928281104140979e+02
5.244445529435927256e+02
5.580953166493027311e+02
7.082595306293973181e+02
1.820516145236929560e+03
1.613798330976048419e+03
1.439621992419215303e+03
1.324475232084759909e+03
1.244740310407802781e+03
9.844666358180140833e+02
7.852394507795941081e+02
8.885693500254584478e+02
8.819733772633117042e+02
8.709022032081113593e+02
8.577390273607837798e+02
8.405924491187818148e+02
8.287283351289356688e+02
7.963286953212677872e+02
7.695571169033820524e+02
7.431062137503171243e+02
7.175070647043803547e+02
6.963950140743563679e+02
7.028848651206141085e+02
6.941240717163860836e+02
5.966089319560632021e+02
4.635241769178221602e+02
4.372088852299646078e+02
4.505400698774047328e+02
5.001119385170434271e+02
1.537906735664220832e+03
1.328004679533499484e+03
1.193335015390325225e+03
1.094912303981434434e+03
1.027409941800099432e+03
8.018921762217223659e+02
6.394332617100840253e+02
7.249047095989287754e+02
7.253063413292732093e+02
7.115778177025233617e+02
6.983599625743115666e+02
6.877292910452525803e+02
6.733327085428279588e+02
6.481740831294406462e+02
6.269176039075949802e+02
6.028389234288414400e+02
5.854855341441871133e+02
5.959466619257443654e+02
5.922749246522524800e+02
5.181698838496604367e+02
4.013424572612712495e+02
3.701990736337800172e+02
3.678000214182873719e+02
3.954004294655068179e+02
1.250157315245587142e+03
1.092511304437905210e+03
9.827892071761663146e+02
9.052782740966937354e+02
8.364727671042709289e+02
6.503363085617966135e+02
5.174226336759803644e+02
5.932328929730126674e+02
5.901113156903551271e+02
5.776754505987287303e+02
5.708800653754268524e+02
5.593032227464345851e+02
5.496518375310282636e+02
5.305618691225730572e+02
5.118645318815396763e+02
4.962952921361112431e+02
5.080174000158152126e+02
5.104045989352452466e+02
4.502611707125424232e+02
3.520394566708226307e+02
3.204170675913086939e+02
3.094555193774531290e+02
3.198212022185386445e+02
1.028248675989276080e+03
9.039155276676171979e+02
8.197864290191622558e+02
7.465727018928386087e+02
6.838498331949489284e+02
5.282392161262325772e+02
4.243903285674292079e+02
4.849382832714659344e+02
4.813899160373052837e+02
4.760852600127388996e+02
4.688316633120315942e+02
4.614134125188042503e+02
4.557467941849506587e+02
4.405365742055631699e+02
4.292527954418072795e+02
4.401004334509315186e+02
4.462526971395631676e+02
3.990863057382186412e+02
3.114185029095119148e+02
2.836558779513484296e+02
2.690947551024802351e+02
2.693906461864231687e+02
8.593844655437108031e+02
7.651292667110602679e+02
6.881041902496873490e+02
6.230537323323796954e+02
5.642296332841099229e+02
4.378687409178153302e+02
3.502926557562045673e+02
4.003507217995694418e+02
4.021328288294428148e+02
3.972412368351481291e+02
3.932267548128517092e+02
3.894254288864833029e+02
3.866713428526393841e+02
3.789074439045051577e+02
3.913809018332246410e+02
3.981770854088196074e+02
3.606488536500686450e+02
2.829944390590039802e+02
2.548048150950043862e+02
2.409446971426105506e+02
2.362853916445201037e+02
7.406354827001453032e+02
6.555764023001203213e+02
5.874651390986844035e+02
5.282363161061094843e+02
4.778026500595979655e+02
3.668827374496893299e+02
2.934991774554068229e+02
3.406687319646100605e+02
3.418346047528054328e+02
3.398010795062968441e+02
3.388609776036077506e+02
3.381846402558553564e+02
3.414367071292583660e+02
3.562174872888132882e+02
3.655187506041177699e+02
3.327136428801189254e+02
2.627668570441441034e+02
2.362483547826018082e+02
2.197324454303619063e+02
2.142142652129586509e+02
6.483048622419810272e+02
5.726581883554719070e+02
5.114178654681613239e+02
4.612800063044290937e+02
4.100760737390328927e+02
3.127976679560537150e+02
2.545128973577138254e+02
2.957643374851493263e+02
2.982895012677859654e+02
2.991013881243661103e+02
3.012557358799733151e+02
3.061367431753438950e+02
3.300903629504578021e+02
3.431122019032444541e+02
3.154089012879554730e+02
2.486918890847178716e+02
2.239099449820820666e+02
2.073524954354736565e+02
1.980957891081342268e+02
5.786603784745483381e+02
5.106685661718507845e+02
4.588138101103999702e+02
4.082327345218000687e+02
3.582930198470755272e+02
2.764470184802276549e+02
2.252962290443423115e+02
2.633952753367095738e+02
2.677398967872873641e+02
2.716756998659185456e+02
2.789376537590234761e+02
3.031854128730866478e+02
3.262626716477732316e+02
3.047166891261236401e+02
2.413009821198784266e+02
2.158131092650889968e+02
1.998099015072828877e+02
1.896853545502802092e+02
5.269950593460241635e+02
4.686014104004110550e+02
4.162383160977215653e+02
3.670213276693166904e+02
3.243875642264807766e+02
2.491355385118824302e+02
2.041459134299225298e+02
2.408381525844667124e+02
2.477036998372932999e+02
2.563955334567187379e+02
2.819174528717020394e+02
3.059924526500864204e+02
2.964318379356266178e+02
2.377686967219993051e+02
2.127120162635459621e+02
1.952513714497413844e+02
1.851099691614177516e+02
4.926117148980935667e+02
4.334407953275504042e+02
3.823242118942532102e+02
3.410383513851658108e+02
2.985594976700885468e+02
2.292143823124021083e+02
1.894594159980064774e+02
2.265207096513779845e+02
2.374310341427643323e+02
2.633654819811712287e+02
2.893362996843274573e+02
2.830374451648747822e+02
2.347838163402867622e+02
2.122673248948418347e+02
1.946112296197588023e+02
1.826489296620407004e+02
4.625813833292917820e+02
4.044909116499764536e+02
3.618027040910394021e+02
3.206308614998953317e+02
2.793703504861779834e+02
2.154454762939266175e+02
1.804744398806369361e+02
2.200649765093363612e+02
2.470209637063956905e+02
2.738129592786095259e+02
2.714366841688163845e+02
2.267345005165044824e+02
2.115026748633838167e+02
1.958666787864177365e+02
1.833924667861392379e+02
4.368398448854759408e+02
3.877474513516872889e+02
3.449571665408792001e+02
3.049472413420566568e+02
2.661605083975512684e+02
2.074397711604956953e+02
1.771017423355370681e+02
2.314508696896389495e+02
2.594442819550988020e+02
2.596876590599066503e+02
2.193550317812000685e+02
2.055980181301001153e+02
1.962648173427685094e+02
1.855283194091820747e+02
4.226887266251026176e+02
3.732137924662894761e+02
3.314263082575354247e+02
2.941973119836413844e+02
2.591064920675377721e+02
2.053190608768381651e+02
1.877630963444493659e+02
2.452261363294660157e+02
2.482560021663889529e+02
2.112676487135425702e+02
1.998732248035919952e+02
1.915116999226636665e+02
1.864530511618723949e+02
4.095524892346944625e+02
3.609448185080055396e+02
3.221354709760340711e+02
2.892703058933019520e+02
2.586695111040039023e+02
2.192068355670534174e+02
2.002384940090640555e+02
2.365063458305082520e+02
2.031039284592074523e+02
1.931887160956554226e+02
1.866624695057998906e+02
1.822338508279208895e+02
3.978654803509435283e+02
3.524876684790223749e+02
3.185639822312415390e+02
2.910090976438238499e+02
2.780931836043413909e+02
2.476476522276306014e+02
1.943244661646589577e+02
1.945042825145682741e+02
1.862803114211912430e+02
1.807330289042367042e+02
1.777650237004102109e+02
3.897773300187863583e+02
3.498466841688631348e+02
3.218600031272101774e+02
3.147919139732209715e+02
3.137108741234832792e+02
2.627342839114638195e+02
1.605008452486094086e+02
1.789080682754746192e+02
1.745265181370165806e+02
1.721674765385967021e+02
3.878203203076292880e+02
3.544352215487362514e+02
3.493440287672017348e+02
3.546474220322559177e+02
3.309740574668092563e+02
2.137094203018180281e+02
1.479832163175758808e+02
1.678808009499407206e+02
1.662925767961734493e+02
3.936726472786013460e+02
3.855503453798305600e+02
3.924199862238201604e+02
3.723435287503100994e+02
2.716243253497611931e+02
1.941526381036995588e+02
1.390377507475144228e+02
1.600280756183897779e+02
4.289428793918816041e+02
4.316731395861306169e+02
4.096300085807470737e+02
3.079730820201968413e+02
2.484236297935046593e+02
1.798868070089227444e+02
1.325716843672524021e+02
4.787478096697638534e+02
4.480787587432649843e+02
3.407815212233562647e+02
2.832950692286073604e+02
2.313574270325663633e+02
1.692374670315823266e+02
4.944011953565250792e+02
3.745780930305357401e+02
3.147857959228658729e+02
2.650077652909218386e+02
2.184922757674113711e+02
4.150847724789006747e+02
3.472025930487919254e+02
2.954004541518507381e+02
2.510919171140716912e+02
3.859121956844302304e+02
3.266765732206025632e+02
2.805234835191239426e+02
3.639300909925839278e+02
3.107997507544636733e+02
3.467991827610765654e+02
9.947859601245118029e+02
1.111095239420823646e+03
1.142589832645234083e+03
1.225677995361868170e+03
1.152488205331829931e+03
1.166256195660455205e+03
1.284846789747558432e+03
1.207690872749630216e+03
1.194364162919132241e+03
1.185678715883775794e+03
1.162838135383956796e+03
1.157130129024607186e+03
1.142270123108572307e+03
1.130724042358857105e+03
1.113155515124022713e+03
1.101227150972135178e+03
1.082573043879761371e+03
1.065992520549219535e+03
1.048749254510504215e+03
1.029241289812478271e+03
1.005036829678295817e+03
9.851571571556697791e+02
9.690542480435631205e+02
9.253536183277232112e+02
9.020085945588330105e+02
9.219495201234943806e+02
8.710118833833041663e+02
8.446336460211115309e+02
8.621593078295678652e+02
8.431987818936753456e+02
1.124252306271227098e+03
1.357397455790251342e+03
1.277530381138487883e+03
1.173265222893793180e+03
1.299840760376978551e+03
1.413919437361755627e+03
1.318018463867831542e+03
1.207002207207475976e+03
1.183852232884851901e+03
1.166426069115891551e+03
1.145595063241594517e+03
1.121938270159062313e+03
1.099643389522604139e+03
1.082443584317653404e+03
1.062603918511484153e+03
1.037839053994953701e+03
1.010501089619049822e+03
9.818556452481009273e+02
9.530970846523509863e+02
9.263760187587330392e+02
8.824589353447565827e+02
8.137820584065724461e+02
8.067132616676086627e+02
8.788693423465057322e+02
8.767826767065421336e+02
7.742440952647576751e+02
6.944913327677618327e+02
9.291228922600795386e+02
9.672076758995772252e+02
1.020968104495504349e+03
1.121319036736189219e+03
1.191133967591798864e+03
1.160660275442215379e+03
1.066268611465602135e+03
9.769038425385060691e+02
9.477905979918601815e+02
9.242932349334466835e+02
8.986113467664807786e+02
8.769635985969807734e+02
8.582903794473915013e+02
8.405361309654514343e+02
8.160555244365884846e+02
7.903289706304711899e+02
7.633836504248752135e+02
7.230030591846855259e+02
6.728401867162574490e+02
6.388962750514233448e+02
6.633249014919564388e+02
7.117091373324370807e+02
7.281783524459018508e+02
6.652307302196444425e+02
6.642106473214109883e+02
7.738472678091167154e+02
8.690391111851522510e+02
9.315520569718769366e+02
9.103613696919966287e+02
8.750543954596460026e+02
8.023217762456979472e+02
7.307953739663156512e+02
7.038113065776162784e+02
6.817617388915290348e+02
6.626877540130635680e+02
6.445135668560737940e+02
6.271932008772770359e+02
6.081400683305968187e+02
5.775823590110967416e+02
5.385435073593039306e+02
5.081354783293536457e+02
5.047292456365299813e+02
5.274898357022860864e+02
5.605986693400711829e+02
5.654508915838880512e+02
5.216254048479053154e+02
6.364603639113162217e+02
7.041160515126613291e+02
7.016996303071742886e+02
6.786945488337970573e+02
6.502542427151023503e+02
5.964210192238812169e+02
5.444278056759567335e+02
5.223374810613388490e+02
5.043698844611980689e+02
4.874459187985133326e+02
4.648607949664036596e+02
4.355689597014367678e+02
4.128475800039525438e+02
4.061751284757805252e+02
4.074288598695251267e+02
4.235828265568317192e+02
4.432985333030410402e+02
4.353613713640340848e+02
5.215846912156480357e+02
5.403220988185245233e+02
5.338788396949885282e+02
5.174956686385563671e+02
4.960690287519661865e+02
4.574649591199313363e+02
4.174716200622497695e+02
3.936624306339559212e+02
3.681686217687761200e+02
3.474965572823152797e+02
3.382982058281332343e+02
3.357812779900169744e+02
3.394132914266065768e+02
3.503130792954738695e+02
3.729096163378456481e+02
4.173398980856637763e+02
4.282662567595455698e+02
4.243480564102408152e+02
4.116892426922198638e+02
3.902492172714917160e+02
3.520506154869938769e+02
3.159718105716095806e+02
3.019978909538113498e+02
2.945529383275032274e+02
2.915087894107390412e+02
2.922846753383589657e+02
3.187041668258451068e+02
3.479571562855784350e+02
3.526559634421298597e+02
3.423655859726623021e+02
3.266276502897078444e+02
3.117303612736998275e+02
2.910808199349680763e+02
2.728965211301359659e+02
2.671249990347812400e+02
2.742830884429598655e+02
2.899782409220845238e+02
2.945066301200879479e+02
2.921914795414749619e+02
2.856874140067101280e+02
2.773920812331932098e+02
2.470258944182475886e+02
2.629935289921370440e+02
2.686533834894989923e+02
1.202303133735856136e+03
1.110958999929895072e+03
1.065444402222611188e+03
1.001415242565365588e+03
1.182874737830949243e+03
1.211700717718728583e+03
1.078543143858508529e+03
1.177053973715313305e+03
1.171140745851504334e+03
1.149194522880338127e+03
1.150325081416239982e+03
1.124893537400482728e+03
1.120143409496359936e+03
1.123203432722884372e+03
1.114438645787089627e+03
1.078367543785388762e+03
1.068874821004912974e+03
1.072366243151489243e+03
1.058697355679463953e+03
1.028972953050548540e+03
1.014058601414296163e+03
9.993819460128702303e+02
9.812443353836716824e+02
9.942502224553301176e+02
9.557033515821793799e+02
8.552847847012565126e+02
8.815359430354733377e+02
9.026105299730355682e+02
8.886930625113700444e+02
9.139694581894887051e+02
1.443716220837703304e+03
1.389701705173965138e+03
1.613781860319267707e+03
1.796812983085050064e+03
1.583951355738070106e+03
1.303997400886683181e+03
1.323241896461632450e+03
1.355714007633493338e+03
1.337654769008394624e+03
1.320086956706152023e+03
1.306039231083765117e+03
1.299669523572135404e+03
1.282324363071729977e+03
1.253471899891422481e+03
1.224433935559893371e+03
1.198292035647344846e+03
1.172655766011364676e+03
1.146976234274366107e+03
1.116196351296723833e+03
1.079997243507250232e+03
1.056595920834927256e+03
1.051646845369905350e+03
9.862917207008052856e+02
8.116028942692471446e+02
7.728938823355985051e+02
9.375305131509808234e+02
1.015720097464620835e+03
1.702237637928063350e+03
1.768183872988426174e+03
1.677803964053142181e+03
1.452451001531349220e+03
1.208442218876351717e+03
1.165866158217244674e+03
1.159538751829893272e+03
1.161542214650773531e+03
1.149419394131476565e+03
1.135924281570495168e+03
1.124737894530006088e+03
1.099600065383383480e+03
1.072845283584740400e+03
1.041200817602013331e+03
1.008679258927337969e+03
9.822367896111366008e+02
9.555478731351832948e+02
9.282746358374112106e+02
9.076549995487970364e+02
8.852033322157724342e+02
8.060173969493328059e+02
6.786831963233622673e+02
5.962416860336380751e+02
6.694013666284663486e+02
1.465852426817211381e+03
1.352509019068375892e+03
1.169327286035365660e+03
9.765277574371209539e+02
9.318792734246208056e+02
9.036196392281506178e+02
8.905978910844924030e+02
8.898519370179400312e+02
8.793002352202880729e+02
8.651829859188597993e+02
8.442145420550550625e+02
8.216386765419420044e+02
7.936445561227479857e+02
7.684152664857925856e+02
7.495340228893579706e+02
7.332603444186545403e+02
7.161264272187244160e+02
6.868110892091387996e+02
6.227957988251639563e+02
5.285810725821180540e+02
4.648325108508568633e+02
1.048670038921246487e+03
9.036335753917495595e+02
7.580635756867471855e+02
7.137280337718638066e+02
6.875731873533869702e+02
6.684397842764094548e+02
6.595478436022548294e+02
6.546226110435571854e+02
6.445682445472862128e+02
6.298601029238179763e+02
6.121412336862026677e+02
5.958700066410775662e+02
5.838941836166752637e+02
5.717021588653082063e+02
5.536168365634468955e+02
5.307757257135776854e+02
4.825806535842929179e+02
4.133012650021191803e+02
7.055879801659420991e+02
5.916757620232750696e+02
5.514947714940340120e+02
5.266095922773388338e+02
5.094683706563731107e+02
4.964853183111848693e+02
4.888400134244499213e+02
4.869126316831701047e+02
4.790539804068933449e+02
4.726847614972653560e+02
4.654617944353441885e+02
4.537981701942066479e+02
4.398597574122683795e+02
4.215549065054274251e+02
3.858673874417290790e+02
4.796005756818654504e+02
4.421513461113613630e+02
4.186709990026360515e+02
4.013466543715912280e+02
3.899293202088816770e+02
3.843508898410420329e+02
3.844215026176704555e+02
3.860280565385497198e+02
3.813607648765231488e+02
3.733492877616484407e+02
3.633251008598317640e+02
3.499985271320601328e+02
3.739469483441012585e+02
3.502551151001081280e+02
3.351981447106769565e+02
3.279864334396038430e+02
3.245336366089927083e+02
3.223258014248983159e+02
3.202515256557936141e+02
3.182484344024783809e+02
3.118791562915095597e+02
3.146316270299790858e+02
3.020081621480726994e+02
2.925710907280932815e+02
2.863281075120971764e+02
2.825389340683449291e+02
2.785280261160612554e+02
2.825233855049993963e+02
2.710175579281175260e+02
2.632513257114256362e+02
9.947859601245118029e+02
1.111095239420823646e+03
1.142589832645234083e+03
1.225677995361868170e+03
1.152488205331829931e+03
1.166256195660455205e+03
1.284846789747558432e+03
1.207690872749630216e+03
1.194364162919132241e+03
1.185678715883775794e+03
1.162838135383956796e+03
1.157130129024607186e+03
1.142270123108572307e+03
1.130724042358857105e+03
1.113155515124022713e+03
1.101227150972135178e+03
1.082573043879761371e+03
1.065992520549219535e+03
1.048749254510504215e+03
1.029241289812478271e+03
1.005036829678295817e+03
9.851571571556697791e+02
9.690542480435631205e+02
9.253536183277232112e+02
9.020085945588330105e+02
9.219495201234943806e+02
8.710118833833041663e+02
8.446336460211115309e+02
8.621593078295678652e+02
8.431987818936753456e+02
1.065535279610402995e+03
1.315373844248032810e+03
1.423782777370827489e+03
1.248343457744412035e+03
1.239836741012624316e+03
1.460709167728597322e+03
1.373373002710706032e+03
1.256822782522786838e+03
1.235555592032944105e+03
1.214418839391431675e+03
1.200913324710452571e+03
1.178709673686282940e+03
1.157589292287708986e+03
1.137895275069198533e+03
1.120367221016069152e+03
1.096983635473252889e+03
1.070403435293377925e+03
1.044904819900565599e+03
1.014964664317770712e+03
9.867516596916713070e+02
9.601655671805401653e+02
9.135292172738234058e+02
8.410071888782433689e+02
8.594439865847962210e+02
9.285773370063762968e+02
8.560012638225462069e+02
7.660267550708911131e+02
7.698900266165748008e+02
1.157097958719369899e+03
1.275728747164917650e+03
1.127257811012453203e+03
1.135030159604792743e+03
1.349193050663490340e+03
1.328113167608127242e+03
1.216607700039950942e+03
1.114902965701487346e+03
1.088152908693188238e+03
1.071824495535817505e+03
1.042929134246529202e+03
1.021755317279781138e+03
9.986268225075195915e+02
9.804846954059382824e+02
9.578358003940235221e+02
9.327484123560792568e+02
9.048794279311728133e+02
8.725892954420349952e+02
8.446137813343084417e+02
8.034860612772234845e+02
7.440641282737918800e+02
7.046650106983855721e+02
7.669829437481156447e+02
8.265038327859369929e+02
7.609028325528456662e+02
6.270639600726050276e+02
9.585244829155529942e+02
9.125630075292584706e+02
9.493575224389685445e+02
1.155950067741515795e+03
1.138540991057559040e+03
1.091321693785678463e+03
1.004347443948412320e+03
9.182036416243187205e+02
8.952312938782803258e+02
8.679601340778974645e+02
8.450780629539251549e+02
8.218411933186067699e+02
8.047758340557112433e+02
7.864337943394218655e+02
7.623107168239653220e+02
7.393562477586705199e+02
7.102710579935572923e+02
6.717172396289677181e+02
6.249851355811283611e+02
5.914427262688325300e+02
5.934429801980876391e+02
6.541135505918313129e+02
6.997949589964872530e+02
6.301189711867334609e+02
6.497452391495482971e+02
7.382440088438856947e+02
9.376026345595853400e+02
9.415252926450566520e+02
9.063238789461643137e+02
8.722709365885983743e+02
8.017455289618885672e+02
7.365075905058977241e+02
7.077453270622646642e+02
6.851958871423403252e+02
6.636707911524691781e+02
6.483418801707374541e+02
6.306235652746024698e+02
6.116456788325409661e+02
5.926379969361761368e+02
5.598394902824077235e+02
5.191504947058323296e+02
4.898862045695256029e+02
4.861956468541315530e+02
4.962048365936047389e+02
5.497512334248773413e+02
5.789390461880011571e+02
5.141341854667751932e+02
7.203542970578780569e+02
7.550054209917038861e+02
7.418921483731405715e+02
7.188510024166157564e+02
6.908048775991023831e+02
6.407107392374543906e+02
5.828682606808571336e+02
5.593305212913242030e+02
5.398226607808321660e+02
5.249058570397048697e+02
5.091197383908645406e+02
4.917433623137330869e+02
4.703656607999989205e+02
4.377708191519670322e+02
4.116836047017943656e+02
4.037268130535052819e+02
4.061558134020722264e+02
4.177858956736181995e+02
4.609153169337594704e+02
5.047250529710289015e+02
5.835252395183251792e+02
5.982799090074220203e+02
5.925236550883430482e+02
5.762650853469625645e+02
5.580125549474321360e+02
5.135627804837861277e+02
4.694195560241183216e+02
4.489169169914862891e+02
4.351395765012962897e+02
4.198039647351618555e+02
3.984115708410666343e+02
3.753903221014717815e+02
3.542878277129277080e+02
3.446940987028475547e+02
3.424143318968904737e+02
3.468951825416980910e+02
3.566394694147159612e+02
4.208928460365682440e+02
4.722829584064602386e+02
4.880147586870062355e+02
4.855658931865177692e+02
4.771722609485344719e+02
4.574770457763582385e+02
4.226320255620011608e+02
3.875011928212048815e+02
3.722091616450970832e+02
3.529587235973793327e+02
3.293671850484637389e+02
3.125511694017340574e+02
3.030421058038700153e+02
2.984929950848409703e+02
2.985567308120126881e+02
3.031443382767188837e+02
3.568082405182864818e+02
3.983015825925262448e+02
4.122048741649060162e+02
4.146738045703586408e+02
4.032348802674663375e+02
3.860486056736411342e+02
3.576616303188843062e+02
3.276051500412393693e+02
3.046907341414096777e+02
2.848454270793099568e+02
2.760998593198576145e+02
2.694915011739916508e+02
2.662415367887116417e+02
2.670548230274350203e+02
3.167539073594428487e+02
3.496664907751161877e+02
3.640544947094741701e+02
3.613288286534180997e+02
3.499535616767868191e+02
3.316218325565710074e+02
3.043311227813262576e+02
2.753092127321979206e+02
2.605765891367378231e+02
2.535159270228310220e+02
2.478366025859541537e+02
2.445144530987194003e+02
2.921336485806494920e+02
3.201552866102609300e+02
3.264041384080700823e+02
3.190405098441360110e+02
3.035605123545702781e+02
2.874464400039037741e+02
2.672123789407443724e+02
2.474745690448059179e+02
2.402608086688046853e+02
2.343726574455197635e+02
2.782189215154438671e+02
2.928744291522744447e+02
2.906075401654501320e+02
2.814987175524873919e+02
2.736223877166205511e+02
2.620565213677603538e+02
2.459497790214000190e+02
2.337740940042451427e+02
2.582169496256701109e+02
2.649573746001794916e+02
2.651934006392308447e+02
2.627651003384949604e+02
2.553425826795568980e+02
2.451723453355145921e+02
2.420367077755105356e+02
2.499822585459768618e+02
2.528673458615907634e+02
2.493411053033496785e+02
2.338463771237278195e+02
2.424516829140787877e+02
