3.140115598119667084e+03
2.762384632293687901e+03
2.705698469185275826e+03
2.555265997601831259e+03
3.126466632537001260e+03
3.091374528016739987e+03
2.500234272994207004e+03
2.636515281069667708e+03
2.619981544442479844e+03
2.562330350078506399e+03
2.534423750783133073e+03
2.466476545952615197e+03
2.437869769003801593e+03
2.419612372937792770e+03
2.374080814042607471e+03
2.274129614113471689e+03
2.227531456391147913e+03
2.207156283404046917e+03
2.154386002165044829e+03
2.064561728768655030e+03
2.003848935125580738e+03
1.943286686811178015e+03
1.874649414366198698e+03
1.862984426085423365e+03
1.745579167870377205e+03
1.538174985117617098e+03
1.612856198687850110e+03
1.688307489904689646e+03
1.674979946277053614e+03
1.737831339021349322e+03
3.204715196500684669e+03
2.672238140057662349e+03
2.400383609846704985e+03
2.922373493481940386e+03
3.488506731859365573e+03
2.799276507229729759e+03
2.232603304890482377e+03
2.371423225133897176e+03
2.353981036598338960e+03
2.324582057509613605e+03
2.287615639870386076e+03
2.244913763160331655e+03
2.229723601731450799e+03
2.182112230473403997e+03
2.121283033080813766e+03
2.062956895042805627e+03
2.022643705380339725e+03
1.974858895741497690e+03
1.911259081783105330e+03
1.852888069120966748e+03
1.776002472040694784e+03
1.712510738205911139e+03
1.704008990608722797e+03
1.639927772690640040e+03
1.333648573509756943e+03
1.257959692803815642e+03
1.570832601959989461e+03
1.643260356020302652e+03
1.650761945268550789e+03
2.784697067965743827e+03
2.123709004024933620e+03
2.539705331608952292e+03
3.079616878523401283e+03
2.945064989655591035e+03
2.260433377732013923e+03
1.753828417377848609e+03
1.879293386684428242e+03
1.882130756346984526e+03
1.849777059765707463e+03
1.832829449705374600e+03
1.803112813336828594e+03
1.795913615021531086e+03
1.742562318661023710e+03
1.696343961818265370e+03
1.650396278191498823e+03
1.606876332523155952e+03
1.561243087787330523e+03
1.516651988090274699e+03
1.458255720318244812e+03
1.399043775439584579e+03
1.396149884411694302e+03
1.352317146904870242e+03
1.132806526131710370e+03
9.199420519907718017e+02
1.095719021600798442e+03
1.387340097923205803e+03
1.485940343977359134e+03
2.012107560467080475e+03
2.095744340066527002e+03
2.491965470298291166e+03
2.414610254541811628e+03
2.214594315480244859e+03
1.650351919704497732e+03
1.264811812545840439e+03
1.375212145257855809e+03
1.377298312539644485e+03
1.361821924957748706e+03
1.350182609335602820e+03
1.336661964029388628e+03
1.324873101380613434e+03
1.285406240484562659e+03
1.249422226120901996e+03
1.207721779895776763e+03
1.172491593670157727e+03
1.144371967938702255e+03
1.102973378779060795e+03
1.065292642518415505e+03
1.063598658376868798e+03
1.038237331373888310e+03
8.809071177550061975e+02
7.079770349992510319e+02
7.171047899603652240e+02
9.048439069822759393e+02
1.178118339804448851e+03
1.893907707609243744e+03
1.972969014131984522e+03
1.870994881262981608e+03
1.746271987949523236e+03
1.567152540699851215e+03
1.151753670708238360e+03
8.840810345391078044e+02
9.689379104329315169e+02
9.793984104959615706e+02
9.693857804591218610e+02
9.678285729655196974e+02
9.537699032657828866e+02
9.456009547796101060e+02
9.188120251233025328e+02
8.868951807075964098e+02
8.552311753113241366e+02
8.353764115707896281e+02
8.110050088936584416e+02
7.866717207882750245e+02
7.958383827792714555e+02
7.831558114749830111e+02
6.715597196237620210e+02
5.306564508939742382e+02
5.198082714409050595e+02
5.643108824188519748e+02
7.514847509114173363e+02
1.754379608152534502e+03
1.473286371253916968e+03
1.349636409300550895e+03
1.238973377755994306e+03
1.099061731242885571e+03
8.047452203850018577e+02
6.188644532472039828e+02
6.887465846473119200e+02
6.997881505673577749e+02
6.994621749588717421e+02
6.942483280757243165e+02
6.834852247295456209e+02
6.806544987188077585e+02
6.591951235976250700e+02
6.349464578574098823e+02
6.169292981300870906e+02
6.013024795286409017e+02
5.889566520446849154e+02
6.021307367694228105e+02
6.053912560420745876e+02
5.238693885420692595e+02
4.069456885046424759e+02
3.837008752728795002e+02
4.024346248655787122e+02
4.656527712310952438e+02
1.336875772473649249e+03
1.095260564304138597e+03
9.892538692112789249e+02
8.999602335167995761e+02
7.935067809157176271e+02
5.776062614462972533e+02
4.485992430411919258e+02
5.051866474758361960e+02
5.212942748058710549e+02
5.190033614776937156e+02
5.135887400075554297e+02
5.086850450371160264e+02
5.058408268193298909e+02
4.909781433064854923e+02
4.773371257898954809e+02
4.641648920821307911e+02
4.575789363498075204e+02
4.753347036792756057e+02
4.861139115704731353e+02
4.289119601644713953e+02
3.282353598594226582e+02
2.990136170736668646e+02
3.014730267527116894e+02
3.366829140151373281e+02
1.041472667663894981e+03
8.479060290105851436e+02
7.598700158013850796e+02
6.880164493549290228e+02
6.001502900011780639e+02
4.354545196928541486e+02
3.409910559294607992e+02
3.926071015622896425e+02
4.052337019902703901e+02
4.031723857011707537e+02
4.018270290717941293e+02
3.974142245354313445e+02
3.965343044329073905e+02
3.904796706358105212e+02
3.810778621428277688e+02
3.753988246573011907e+02
3.947068722116902109e+02
4.119155102665899335e+02
3.677094699394741610e+02
2.810231750131877106e+02
2.495505498968661016e+02
2.434058742788664915e+02
2.606708864026658716e+02
8.538826844205123052e+02
6.946673139071806418e+02
6.207752704061729219e+02
5.562666080976867988e+02
4.791913124887307163e+02
3.460928782626560860e+02
2.762081201446029013e+02
3.194716437533563749e+02
3.307815961125309627e+02
3.331610593606652060e+02
3.314215394238136696e+02
3.287381724799864742e+02
3.330874986987923307e+02
3.309222799721486581e+02
3.275819805693700459e+02
3.455593936400672419e+02
3.659193315714015853e+02
3.312596414456357934e+02
2.517266565352965131e+02
2.218679559823624459e+02
2.120464498821259269e+02
2.192762932276087326e+02
7.386929946143086454e+02
6.039825274224891700e+02
5.347452764517296373e+02
4.719910334590944103e+02
4.017524267136437857e+02
2.922835163734985713e+02
2.333190118050623880e+02
2.715930206572471661e+02
2.860895817553280835e+02
2.884717099911767946e+02
2.876775316162827494e+02
2.896597123094530275e+02
2.962584859619079793e+02
2.992721810739211037e+02
3.182583399369220274e+02
3.383532331184422333e+02
3.092248245007468768e+02
2.352870296811279616e+02
2.053875963990044227e+02
1.958650741558821835e+02
1.984307540238484364e+02
6.720080532834710993e+02
5.473972791413999630e+02
4.770940125070500812e+02
4.158272151877610554e+02
3.543495481921508485e+02
2.553440122552206617e+02
2.042574725221531935e+02
2.427149362758530629e+02
2.565641235601754033e+02
2.599724447945883412e+02
2.631227016670553667e+02
2.674109096584653003e+02
2.777758380232427271e+02
3.024241077824773924e+02
3.243238182752239709e+02
2.964299965652324431e+02
2.258236682395167918e+02
1.969634716931201410e+02
1.866840339065009289e+02
1.885442860167281935e+02
6.291207894016341697e+02
5.063540301790021090e+02
4.363359118310362987e+02
3.805134728579414514e+02
3.196221887098274124e+02
2.291997794770595078e+02
1.865183833888881964e+02
2.226842940921585807e+02
2.369366700398976491e+02
2.441231437276213967e+02
2.494553440613593125e+02
2.572635097420559305e+02
2.880958994503213830e+02
3.165619625660791598e+02
2.913151029658585003e+02
2.207273398261338571e+02
1.925831262934197525e+02
1.828554889628139222e+02
1.830916741303777826e+02
5.942720233660394342e+02
4.749773442504372838e+02
4.099419077747351707e+02
3.522562991242306225e+02
2.934557511755887163e+02
2.130799076495359259e+02
1.735398057884388265e+02
2.087091180800704819e+02
2.260545902029917897e+02
2.355610601820745558e+02
2.442039418435942082e+02
2.716805247924262403e+02
3.067615123027920845e+02
2.890776913348303196e+02
2.198457486780017121e+02
1.906510494355833600e+02
1.814221312660868364e+02
1.815304577954486831e+02
5.652577710904477044e+02
4.540279275862208124e+02
3.865846958474937765e+02
3.293988065697964203e+02
2.771762812225671269e+02
2.006835805134381587e+02
1.640654741293899974e+02
2.009468219225756229e+02
2.203549336303080963e+02
2.331925798759207282e+02
2.610122660365130969e+02
2.927526257102884415e+02
2.831979948132742493e+02
2.201497908218482280e+02
1.915742324413328674e+02
1.813709989767843354e+02
1.814572562881208739e+02
5.451936044318898666e+02
4.334226386468520786e+02
3.663658248197339162e+02
3.152135786800478172e+02
2.638868477507356261e+02
1.913260659195299809e+02
1.587791571097967278e+02
1.969932573423880626e+02
2.194957817692530568e+02
2.511900527144502178e+02
2.835147304985150072e+02
2.724771551766038442e+02
2.170186137834633087e+02
1.930106476741902384e+02
1.835014702234130937e+02
1.821917937081799721e+02
5.237036216876838353e+02
4.144921741281223717e+02
3.540454509613296068e+02
3.028946429871452892e+02
2.535080884831699279e+02
1.862138810762039611e+02
1.561512701309019064e+02
1.968871499208460421e+02
2.374788599199540613e+02
2.742882623251635437e+02
2.654291874328929453e+02
2.098353875375391340e+02
1.910909464704947140e+02
1.857425675177983635e+02
1.848105555166959277e+02
5.031546288347232121e+02
4.032548172102571584e+02
3.426891144497699884e+02
2.930055574433706056e+02
2.480658963281586296e+02
1.839093899199042710e+02
1.563545671918883215e+02
2.135535273907803457e+02
2.600990917187299942e+02
2.578649504895294058e+02
2.051959182849020067e+02
1.854446953546034820e+02
1.845161406939440951e+02
1.873092529019249639e+02
4.910922918729469302e+02
3.923074712934644026e+02
3.333940109945434074e+02
2.882033820950909444e+02
2.460294108203824521e+02
1.847425334222243123e+02
1.698534940315609276e+02
2.342983485949868054e+02
2.451766601998849922e+02
1.999172533715288296e+02
1.818728123480210570e+02
1.795979917631428293e+02
1.861978288219853823e+02
4.788957286744030171e+02
3.832258875736588379e+02
3.293797526984166666e+02
2.870667291906579521e+02
2.479622486446363041e+02
2.012365780110939966e+02
1.865816929467676744e+02
2.212731187150401411e+02
1.904211739804082697e+02
1.775792207957244102e+02
1.765280265294806554e+02
1.813549000638642212e+02
4.687042351980149988e+02
3.798089006906128589e+02
3.293306211837177671e+02
2.903522260807661723e+02
2.709081127911065892e+02
2.333211314099220601e+02
1.764600547062640885e+02
1.720763405077398431e+02
1.693789388944505561e+02
1.726436547595765774e+02
1.782818257439303977e+02
4.651397974722368076e+02
3.808065433664849024e+02
3.341791845709691415e+02
3.182714077624777929e+02
3.126665369685380256e+02
2.404377289912525555e+02
1.373661028024954476e+02
1.532237181365138667e+02
1.648543747474375607e+02
1.743384408883850938e+02
4.669123091237054837e+02
3.873315359917590968e+02
3.674423058364200187e+02
3.660697303385838950e+02
3.194583900124273441e+02
1.840098553968879287e+02
1.224329576836212539e+02
1.492445544293774162e+02
1.664197933776158891e+02
4.753746339122556606e+02
4.268579466640916849e+02
4.213867030398212137e+02
3.714092491759766972e+02
2.463106115895122912e+02
1.615111940034923634e+02
1.193897334676976669e+02
1.505922797610929820e+02
5.243708594191068642e+02
4.880193969796575288e+02
4.249082787520545708e+02
2.884152139925880647e+02
2.175771665932414862e+02
1.552587994655019088e+02
1.204717938682311456e+02
5.972662454302967490e+02
4.891832020378390666e+02
3.320947431316163261e+02
2.563405973695744251e+02
2.103377629021677535e+02
1.544558514522752546e+02
5.949145146571462419e+02
3.844199435809234160e+02
2.968183995020726229e+02
2.491596221290766096e+02
2.100661485368729302e+02
4.694824058806423182e+02
3.451966792553166670e+02
2.899617299774294565e+02
2.497549379145048647e+02
4.230455917387846512e+02
3.386406837110084780e+02
2.916418357717881804e+02
4.163228508745694398e+02
3.415312745784834192e+02
4.206691326959637536e+02
1.727514727039904983e+03
2.439385685804651075e+03
2.511553679300001477e+03
2.742274280594211177e+03
2.558038179745897196e+03
2.547058022326285027e+03
2.684896939552271306e+03
2.414649159734248315e+03
2.362268838479546503e+03
2.327160394632001498e+03
2.272008632928868792e+03
2.246323510214996077e+03
2.205249795826005084e+03
2.167722953593457987e+03
2.117737736071855124e+03
2.076584041765432630e+03
2.022658528356412717e+03
1.974180532418812390e+03
1.923628803173234928e+03
1.869464368391618336e+03
1.803358394416039573e+03
1.746237353526231345e+03
1.696295526574409678e+03
1.593132967453070250e+03
1.530281134486723658e+03
1.553115826809995951e+03
1.477439906229302778e+03
1.458066737358800310e+03
1.508255682794358108e+03
1.436578227073289554e+03
1.525347621294693909e+03
2.160609198832415586e+03
1.961822668152146889e+03
1.740712291981052658e+03
1.935819917886185749e+03
2.123258229353005845e+03
1.910030764854455128e+03
1.694023517687449157e+03
1.635930371344576315e+03
1.607679084151350025e+03
1.577997113058934929e+03
1.542744146452468385e+03
1.508622416351642187e+03
1.484227604380974071e+03
1.452564419176615502e+03
1.411905825823868554e+03
1.370876875629707001e+03
1.328259117662382778e+03
1.287046134670531046e+03
1.247393649429629022e+03
1.181883793912978717e+03
1.078830093731357465e+03
1.068174828940089128e+03
1.174274852965768787e+03
1.180166165440886516e+03
1.048082227062186575e+03
9.325268822687116881e+02
9.358484926001608528e+02
1.092150603759306705e+03
1.128944373795401134e+03
1.262407536710603381e+03
1.382337360601575710e+03
1.342675143905664982e+03
1.185570517613297170e+03
1.051901690901434449e+03
1.009025464024194207e+03
9.835456665711623145e+02
9.589258750867389836e+02
9.390349380009163269e+02
9.196979955860662130e+02
9.030757016035249762e+02
8.778541803140938100e+02
8.510437858223635885e+02
8.245800212189659533e+02
7.820085213885520261e+02
7.247621970146273043e+02
6.876290011553375052e+02
7.199783232935698152e+02
7.834915861049186105e+02
8.089985305302950565e+02
7.266192580808027515e+02
5.028283859656486356e+02
6.845316975640758983e+02
7.944088665919364303e+02
8.797935686020734920e+02
8.752537872017186373e+02
8.338919342137774038e+02
7.379214738555547228e+02
6.557129180545499594e+02
6.265751218406193175e+02
6.087944465716807372e+02
5.948802790485890455e+02
5.817242479794789460e+02
5.692742551851433745e+02
5.560334983726719429e+02
5.299055597469059649e+02
4.933562963119449591e+02
4.660922080974267487e+02
4.657464376202800054e+02
4.932781538250637823e+02
5.318692493812683324e+02
5.306858807788502190e+02
3.542962682207383978e+02
5.050459687926113475e+02
5.815787054148065636e+02
5.951075366116781424e+02
5.831418682952615882e+02
5.529135397527087434e+02
4.958647839084380280e+02
4.472078125544173872e+02
4.276483361651461337e+02
4.149364586431019006e+02
4.039006577083823686e+02
3.871779269012287727e+02
3.629531782803113629e+02
3.447390545814689062e+02
3.409819277044474006e+02
3.446162052470268122e+02
3.621619907497403119e+02
3.795529454915557039e+02
2.961291433692710484e+02
4.030535621277779228e+02
4.338612464093280323e+02
4.379634500477818619e+02
4.284837271904406180e+02
4.090023144959911860e+02
3.739315776260438042e+02
3.405371527909396150e+02
3.198288964702617818e+02
2.985832808990490435e+02
2.816332312059881247e+02
2.749280673288189405e+02
2.742755055659134200e+02
2.788032421644520582e+02
2.880979118641308787e+02
2.700721847243993352e+02
3.340127099647543787e+02
3.528608520482958966e+02
3.549981273195157883e+02
3.473731557561108616e+02
3.286725675961231445e+02
2.947711083829916561e+02
2.629364277356002049e+02
2.494693636771349361e+02
2.437263055258809459e+02
2.417985909856093087e+02
2.415952531825782899e+02
2.523106182537232769e+02
2.940995587264014830e+02
3.034257567310128820e+02
2.968782594460556084e+02
2.837836427824184966e+02
2.699500562392757388e+02
2.515362274940289637e+02
2.353668963326223320e+02
2.280941768259585558e+02
2.306570623966395033e+02
2.543670980175051568e+02
2.616016539435864843e+02
2.617130040956087669e+02
2.568072039378075715e+02
2.477777461328667528e+02
2.157273101692457544e+02
2.382710414760096853e+02
2.454438647829899764e+02
3.140115598119667084e+03
2.762384632293687901e+03
2.705698469185275826e+03
2.555265997601831259e+03
3.126466632537001260e+03
3.091374528016739987e+03
2.500234272994207004e+03
2.636515281069667708e+03
2.619981544442479844e+03
2.562330350078506399e+03
2.534423750783133073e+03
2.466476545952615197e+03
2.437869769003801593e+03
2.419612372937792770e+03
2.374080814042607471e+03
2.274129614113471689e+03
2.227531456391147913e+03
2.207156283404046917e+03
2.154386002165044829e+03
2.064561728768655030e+03
2.003848935125580738e+03
1.943286686811178015e+03
1.874649414366198698e+03
1.862984426085423365e+03
1.745579167870377205e+03
1.538174985117617098e+03
1.612856198687850110e+03
1.688307489904689646e+03
1.674979946277053614e+03
1.737831339021349322e+03
2.519024198004127356e+03
2.341832544430907092e+03
2.837324373576326252e+03
3.191342526646459191e+03
2.665543790812378120e+03
2.085153555811840761e+03
2.038817181054469074e+03
2.066796644594683585e+03
2.046402432309339702e+03
2.016511684287277149e+03
1.984663697871077602e+03
1.968333492266080611e+03
1.931238741315495417e+03
1.876963658839784330e+03
1.825768737645745887e+03
1.783548812192897913e+03
1.738302537923028240e+03
1.685645784979202745e+03
1.631722963475086544e+03
1.565990421236448583e+03
1.521654001989659037e+03
1.508079473600680785e+03
1.403730108307334831e+03
1.145227179866396682e+03
1.102584709327046312e+03
1.368207428207050270e+03
1.516761492467749804e+03
2.155202824613209486e+03
2.328104947427486877e+03
2.196944337848055966e+03
1.794466837953733375e+03
1.404945386641455343e+03
1.319993913744565361e+03
1.306366758377291262e+03
1.308320041450763711e+03
1.300222716924729411e+03
1.284958272301871375e+03
1.275913951427149414e+03
1.247115489060686741e+03
1.214797447181077814e+03
1.178635127838831750e+03
1.144136334363897276e+03
1.112166283088037062e+03
1.080750827532525818e+03
1.048659629493433158e+03
1.026269817584171051e+03
1.007690453426833301e+03
9.211308531018082704e+02
7.731780553406598528e+02
6.815168865919929431e+02
7.837921194900065984e+02
1.533197534125651373e+03
1.383241283757653036e+03
1.122334851278630595e+03
8.876370781840704467e+02
8.259099244231086914e+02
8.026511882580417705e+02
7.958259903473530130e+02
7.997548830787268344e+02
7.951709196574182670e+02
7.879917330912772968e+02
7.719218864533032729e+02
7.525207683211455105e+02
7.298707923448230304e+02
7.097203215860412229e+02
6.958530664044677678e+02
6.850383981736569012e+02
6.755134593037837476e+02
6.551262444933186089e+02
5.976717766564187286e+02
5.062058259914778660e+02
4.462579978372064033e+02
9.143645173134465267e+02
7.416863665724307566e+02
5.937558784631204389e+02
5.456234734567121905e+02
5.254856560090648827e+02
5.154448378094455165e+02
5.145527651392120561e+02
5.154477269628223439e+02
5.135861227156846098e+02
5.064171149845436162e+02
4.957089775156027258e+02
4.866570785519210176e+02
4.837818428591316433e+02
4.802459740839777282e+02
4.707467913326148619e+02
4.568033278249708360e+02
4.185748958930454364e+02
3.581313972437183679e+02
5.532014364226533871e+02
4.436523122553663825e+02
4.015846676175370931e+02
3.815841587598610545e+02
3.712686897778531261e+02
3.658003928027781058e+02
3.651600036492582717e+02
3.699439393642148275e+02
3.706721229761344603e+02
3.715304660866963786e+02
3.720935748423769951e+02
3.683780800666339701e+02
3.620290906934800432e+02
3.518551101008527553e+02
3.257831383497321553e+02
3.742049504927971952e+02
3.313033718480276093e+02
3.101984428639240718e+02
2.977926448591942972e+02
2.915947419493603547e+02
2.914724835165853278e+02
2.985497633531729775e+02
3.071238789737666366e+02
3.092208007388359761e+02
3.071721078543833983e+02
3.032673055789201157e+02
2.968997543797088383e+02
3.022038461355936079e+02
2.768954232977701508e+02
2.643321344774888075e+02
2.604314784053050857e+02
2.606429884635181793e+02
2.629140142714521744e+02
2.668088727299457332e+02
2.703785514079419272e+02
2.698227888618067141e+02
2.708873005843346391e+02
2.566425232736878002e+02
2.479009497998839322e+02
2.432058904665861405e+02
2.427695515252264613e+02
2.437722535939620343e+02
2.560054805231662272e+02
2.423986635856460623e+02
2.355177969383668710e+02
1.727514727039904983e+03
2.439385685804651075e+03
2.511553679300001477e+03
2.742274280594211177e+03
2.558038179745897196e+03
2.547058022326285027e+03
2.684896939552271306e+03
2.414649159734248315e+03
2.362268838479546503e+03
2.327160394632001498e+03
2.272008632928868792e+03
2.246323510214996077e+03
2.205249795826005084e+03
2.167722953593457987e+03
2.117737736071855124e+03
2.076584041765432630e+03
2.022658528356412717e+03
1.974180532418812390e+03
1.923628803173234928e+03
1.869464368391618336e+03
1.803358394416039573e+03
1.746237353526231345e+03
1.696295526574409678e+03
1.593132967453070250e+03
1.530281134486723658e+03
1.553115826809995951e+03
1.477439906229302778e+03
1.458066737358800310e+03
1.508255682794358108e+03
1.436578227073289554e+03
1.472303301054104395e+03
2.217002133284888714e+03
2.409243568927663546e+03
2.022694041762529650e+03
2.010599490922042150e+03
2.342046610185992904e+03
2.123731414244054577e+03
1.887960826880611876e+03
1.827075787385027070e+03
1.787218857860010075e+03
1.766673976612977413e+03
1.729656692100053306e+03
1.691216145010593891e+03
1.659469211396231913e+03
1.628139478954003152e+03
1.586688991328499014e+03
1.540623698352348583e+03
1.499167420764943245e+03
1.450157957956718519e+03
1.402226664799557284e+03
1.360213529279747718e+03
1.282615140735987779e+03
1.168700223276641282e+03
1.191950044267970270e+03
1.296126468584059012e+03
1.202087159995619459e+03
1.096882613276238772e+03
1.098624775059913873e+03
1.403395059772209379e+03
1.709933964669611896e+03
1.441059781075401816e+03
1.442648089213424782e+03
1.723099628804713348e+03
1.694794529989705779e+03
1.497328881861270702e+03
1.324632008393660726e+03
1.274989691569756360e+03
1.256194875753552651e+03
1.224449145372268049e+03
1.199333474752323127e+03
1.172597909487247762e+03
1.153900367441493700e+03
1.125307007048929336e+03
1.094139369064204857e+03
1.060568732100369516e+03
1.024885148815391403e+03
9.925683542669656845e+02
9.419782455064092801e+02
8.670575117501841760e+02
8.195544267236758742e+02
8.995916782772554825e+02
9.826541074956259081e+02
9.098026308046885333e+02
7.423348016395668765e+02
9.174318643234836372e+02
9.354751365127358440e+02
9.753698384074987189e+02
1.194851120087963636e+03
1.203960326306275874e+03
1.147332524209106623e+03
1.012166831744260321e+03
8.975138915252873630e+02
8.676433138030224654e+02
8.433020853421031688e+02
8.224975544434444146e+02
8.031600613414108238e+02
7.889039192438901864e+02
7.742428355446270416e+02
7.525667620632411854e+02
7.313971949725109880e+02
7.061685355592353517e+02
6.684827721439900188e+02
6.211048066135815588e+02
5.878187488344013900e+02
5.936898304481665036e+02
6.636956367891242508e+02
7.219292744372844481e+02
6.372010481786982155e+02
4.795836792806695712e+02
6.267859211224784985e+02
8.116412229597120813e+02
8.423795304283764835e+02
8.259309825609913105e+02
7.832193677997582881e+02
6.959022957218718375e+02
6.264436254840757101e+02
5.992768549178533704e+02
5.809351127807591411e+02
5.652639700611885019e+02
5.560674684604713320e+02
5.440528898631116590e+02
5.317549963227537546e+02
5.184170538673673718e+02
4.914225511832066218e+02
4.550182810605545001e+02
4.307810618297303904e+02
4.304908927754475485e+02
4.437507431500887378e+02
4.998287832824363477e+02
5.273935787872438823e+02
3.273648744389809622e+02
5.404931052733363686e+02
5.981005953985810493e+02
6.061479244982795080e+02
5.918875296707001326e+02
5.622956198938535408e+02
5.110844832717280042e+02
4.614374136170100655e+02
4.400504167793045553e+02
4.264460784140466671e+02
4.178534586111476301e+02
4.087190176496313256e+02
3.980024273401965615e+02
3.828535522338549413e+02
3.571022996371801810e+02
3.355748774258303797e+02
3.313201608669978100e+02
3.366814172932928955e+02
3.496635916578658225e+02
3.881113048474450693e+02
3.089391640815608753e+02
4.279697350941140144e+02
4.603772674380858234e+02
4.644246442650459699e+02
4.552155005835986685e+02
4.389663533321143518e+02
4.022397484659431939e+02
3.661183336633955605e+02
3.491418565914289616e+02
3.403437743449144364e+02
3.310911854955973581e+02
3.164005084734970410e+02
2.981018384856040484e+02
2.816297793768542874e+02
2.748707152444430335e+02
2.755236274933067193e+02
2.813863937335628407e+02
2.892908167626411569e+02
2.790816491447401972e+02
3.564142168834800373e+02
3.792059090699460739e+02
3.833258545632439791e+02
3.807395499721552596e+02
3.671589314005292977e+02
3.384466479730236870e+02
3.104178730973348479e+02
2.977458219049238437e+02
2.836402692519183120e+02
2.652462557706275561e+02
2.511531806162358862e+02
2.437080223908851337e+02
2.410919519833972799e+02
2.432201916112510673e+02
2.470361214929157825e+02
2.604536024126580855e+02
3.147760118003240564e+02
3.328837728298886418e+02
3.403112239990572903e+02
3.364637845520452402e+02
3.222907509738841441e+02
2.984733992541480916e+02
2.737679719505841263e+02
2.532219287519593536e+02
2.364432521874261681e+02
2.290580182504832010e+02
2.241665953326992167e+02
2.217148300719003942e+02
2.227040843535842498e+02
2.497941162377195496e+02
2.912746747989567098e+02
3.091447609795608855e+02
3.128354551682720057e+02
3.051807625678528098e+02
2.885572096005237768e+02
2.637349293104208527e+02
2.380012117160230503e+02
2.245227460680929994e+02
2.185465509024500363e+02
2.138849905568636416e+02
2.102871838238830833e+02
2.443706532652163332e+02
2.797667007456429928e+02
2.916132788645587652e+02
2.874963681836245541e+02
2.732698265316682864e+02
2.570959038063843991e+02
2.387210245525266146e+02
2.218259618154029056e+02
2.142646706212961192e+02
2.081764652240167663e+02
2.425969381169887527e+02
2.666587055322543733e+02
2.670743925138699524e+02
2.588929600421287205e+02
2.516260634884885690e+02
2.411244211280946388e+02
2.266420404078182855e+02
2.141593406353384239e+02
2.314182544792246858e+02
2.450767196933147716e+02
2.473026336618135304e+02
2.461690581009721939e+02
2.399924897286213650e+02
2.301720357549474159e+02
2.194838440190907534e+02
2.339917430258684590e+02
2.388198869468501471e+02
2.363799161503128232e+02
2.138004120571426654e+02
2.277007978620974598e+02
