9.487266090314051326e+02
8.927318969717293839e+02
8.728653828528157419e+02
8.154418649830087134e+02
9.678254750276643108e+02
9.789712391105947518e+02
8.586507889447997286e+02
9.424533285054202452e+02
9.458193264268486473e+02
9.330634711147162079e+02
9.329652131705133797e+02
9.145489062358561796e+02
9.150780609406200483e+02
9.213237177916010978e+02
9.175864395962744311e+02
8.915322856530457329e+02
8.886412082449169247e+02
8.970348211143734716e+02
8.923419453498023586e+02
8.710779254416715958e+02
8.643749491089427011e+02
8.575707502922873573e+02
8.486148613975955186e+02
8.686867316585327217e+02
8.439385003142393771e+02
7.632071469400300430e+02
7.965233379541693921e+02
8.192481177251819418e+02
8.075973837374681352e+02
8.253965466756371825e+02
1.157679247971298082e+03
1.074263901163879382e+03
9.626068826149029292e+02
1.122119285289812751e+03
1.347311008391253836e+03
1.136016596199626520e+03
9.730319012491264630e+02
1.075908194187936488e+03
1.075971295593790501e+03
1.063896633796970264e+03
1.052451839741817821e+03
1.040346330350093695e+03
1.041700775480802349e+03
1.031932146840122869e+03
1.011983324474527763e+03
9.917024501345587169e+02
9.813165026541209954e+02
9.693877390290997482e+02
9.498916870764860505e+02
9.311102382617756348e+02
9.057804474758099786e+02
8.859271173033678224e+02
8.969226006159905182e+02
8.865749033310017921e+02
7.371971757110103454e+02
6.937774188450274551e+02
8.532430214852680592e+02
8.719918207172103166e+02
8.441317048782257189e+02
1.242831056226093551e+03
1.047009697327285267e+03
1.209059566311133267e+03
1.448865436716433351e+03
1.431257743004369104e+03
1.157045712115927017e+03
9.628791279645607801e+02
1.072269759200401040e+03
1.077518263451458779e+03
1.058111856937051925e+03
1.049158674153267839e+03
1.036586061113542428e+03
1.035605660737488506e+03
1.010121959901303740e+03
9.880458452584169891e+02
9.644140979312751369e+02
9.406423035031517657e+02
9.214493605344241587e+02
9.017937112208237522e+02
8.708721531967216833e+02
8.402106727741170289e+02
8.461385128289321074e+02
8.346337085062956476e+02
7.065297149060806987e+02
5.687998476461117434e+02
6.686057175283942797e+02
8.288391762239764375e+02
8.477014858582425632e+02
1.109450870696578477e+03
1.237332794312531860e+03
1.460928139048981393e+03
1.431515749750116129e+03
1.358301340353034902e+03
1.070484792167818796e+03
8.773284427494062356e+02
9.878288623790930387e+02
9.886188008360933281e+02
9.734273375249238143e+02
9.626983231920332855e+02
9.532304649659685083e+02
9.416376699561343457e+02
9.136867306475000987e+02
8.899500565340055118e+02
8.584587951903010890e+02
8.333402012517869935e+02
8.155582410246140626e+02
7.865741615403633205e+02
7.581269515829329748e+02
7.590481516974397209e+02
7.480282383448211476e+02
6.345491622939779290e+02
5.013129008110807945e+02
4.994629839319160851e+02
6.173933173977054594e+02
7.673567393721423286e+02
1.255661417692213263e+03
1.434445763768257621e+03
1.373399092940206629e+03
1.293840369337448465e+03
1.206512504652270763e+03
9.379454283306279194e+02
7.661411270620900495e+02
8.630882653141936771e+02
8.669127913768195413e+02
8.521736568915048338e+02
8.457282202802209667e+02
8.294518632460610661e+02
8.156475715216309936e+02
7.899683852591209643e+02
7.607242203227938262e+02
7.315590971097080910e+02
7.109389462943917124e+02
6.872123673883370429e+02
6.626699593541512741e+02
6.684224497105344653e+02
6.584301215389024264e+02
5.599339160408527505e+02
4.337947104918115997e+02
4.162789731347001521e+02
4.411862776848940371e+02
5.608908763869585528e+02
1.413499117878339348e+03
1.307189820317777730e+03
1.201544724776321345e+03
1.118836626031993546e+03
1.034121839791500634e+03
8.011952524548966039e+02
6.485178126051375784e+02
7.351960706628119624e+02
7.382063671981461539e+02
7.299844097933009834e+02
7.178115121907345610e+02
7.008847572962613413e+02
6.903051544318404922e+02
6.626810553889342827e+02
6.363579588111404064e+02
6.133265687268755073e+02
5.910258016915495318e+02
5.728161699065478842e+02
5.803703753468226978e+02
5.791754161264722143e+02
4.947809915347194192e+02
3.784165596693187013e+02
3.504261083105536727e+02
3.568792988594705093e+02
3.933286813138190041e+02
1.261514036574622196e+03
1.121545122644676667e+03
1.022201066146506037e+03
9.482808698637587668e+02
8.757273055758817009e+02
6.708476248091305933e+02
5.425506922296432322e+02
6.167214963496035125e+02
6.241624782322270448e+02
6.124862769731665821e+02
5.994772557501498795e+02
5.877280498110313829e+02
5.754679997642427907e+02
5.521094020330438070e+02
5.316017909380186666e+02
5.095203101138690727e+02
4.942965597058191634e+02
5.057376824955115922e+02
5.078093110428625891e+02
4.415843071609556887e+02
3.358270703708322458e+02
3.030077010081000140e+02
2.963763574984797629e+02
3.140096223248180536e+02
1.070649194091600066e+03
9.474158630993704264e+02
8.634802770680648791e+02
8.041779526242219163e+02
7.340598945179987140e+02
5.594646992363225309e+02
4.518599529607074601e+02
5.194759237512429308e+02
5.222430318230070725e+02
5.106697549531830305e+02
5.028780172862580571e+02
4.910909346720001167e+02
4.816364305776137940e+02
4.644880237372236707e+02
4.458090289689482120e+02
4.313123535965312385e+02
4.441612832933810751e+02
4.514975322121312047e+02
3.955115806812131609e+02
3.036686123076598847e+02
2.699274901574660817e+02
2.560409794799553538e+02
2.599540541034865555e+02
9.042033560832638841e+02
8.030376088585604748e+02
7.378042063478103501e+02
6.812292625537379536e+02
6.170650151117149562e+02
4.675980210908173831e+02
3.812198391881845509e+02
4.365337689681410893e+02
4.375579792630891234e+02
4.317255126183883931e+02
4.240534918985105719e+02
4.152759999278798659e+02
4.103303252984356391e+02
3.961144512883083735e+02
3.845531809952664730e+02
3.964148394406088869e+02
4.068727132410513718e+02
3.615446982661687798e+02
2.770289590319485455e+02
2.467124970528285814e+02
2.298604254033625409e+02
2.256647610361007708e+02
7.730086304330393432e+02
6.944904971151572681e+02
6.342320450622554517e+02
5.821309196323983315e+02
5.229624532717328975e+02
3.980647695716136809e+02
3.228219927924203603e+02
3.694898714578926615e+02
3.743987685117856472e+02
3.691495532953205156e+02
3.638204502851999678e+02
3.594016762586335858e+02
3.566842331680926463e+02
3.495181285062557777e+02
3.626386279691537311e+02
3.731368474353342322e+02
3.356372663163964489e+02
2.590445436062514091e+02
2.283800669466267834e+02
2.125959667432670130e+02
2.045837639327314434e+02
6.789014099727133953e+02
6.071302690280621164e+02
5.520831420154457874e+02
5.039452432280724565e+02
4.533067079730302567e+02
3.413077030438015527e+02
2.764522399309651632e+02
3.210382492469718159e+02
3.252443205705918672e+02
3.220540658438103492e+02
3.204069027622366548e+02
3.185958339228884029e+02
3.216938550288853662e+02
3.382904821191575593e+02
3.507182517769982155e+02
3.166145937130885955e+02
2.460797720703231164e+02
2.172831779769116167e+02
1.995089312806229316e+02
1.913637678958777428e+02
6.043728235906426107e+02
5.384058669281099583e+02
4.882062208433808337e+02
4.472728464414407767e+02
3.964722042450912909e+02
2.964637251818064101e+02
2.437980518146981410e+02
2.837064347889904070e+02
2.885240824387742578e+02
2.886409497587721944e+02
2.894871583809463118e+02
2.931715522244265344e+02
3.184873467017129656e+02
3.354013705399304968e+02
3.054045183207388732e+02
2.370061586081797316e+02
2.098998322989831706e+02
1.926309132176081675e+02
1.816387513876214257e+02
5.458494688518197790e+02
4.855074248343706245e+02
4.427902037082899369e+02
4.005362444899646448e+02
3.513490456110855575e+02
2.654959783062141128e+02
2.187275830642425092e+02
2.558431333062652584e+02
2.627802510368516664e+02
2.653721763423192215e+02
2.711981391646554584e+02
2.958962508116747472e+02
3.221924046641564132e+02
2.986683508012131369e+02
2.328378041851290163e+02
2.051016011988308776e+02
1.885767646479324640e+02
1.773522140729776027e+02
5.011382163379346366e+02
4.485747566877527674e+02
4.045986269367655837e+02
3.628826900637025119e+02
3.209007574821879984e+02
2.416563721481078062e+02
1.999323431656831644e+02
2.364963477830036993e+02
2.452538870815839687e+02
2.524507231161271363e+02
2.781739946749924002e+02
3.042631602223166851e+02
2.919727515684355694e+02
2.311949923440086820e+02
2.039678608597174616e+02
1.862640098157063164e+02
1.752516809186558078e+02
4.705252630836985759e+02
4.166311724708547786e+02
3.731453418684824896e+02
3.382439755810745510e+02
2.971596393066828909e+02
2.236465680600829842e+02
1.869700837661136461e+02
2.236617207658189272e+02
2.362896794747597369e+02
2.623895370136640395e+02
2.898369686210871805e+02
2.796058872681325056e+02
2.286335729676821131e+02
2.045078722345712094e+02
1.868468452763633820e+02
1.743187318124226692e+02
4.430044002922170989e+02
3.895695364781785202e+02
3.532582043486547718e+02
3.185479147561134141e+02
2.789102641338569128e+02
2.113315932009531366e+02
1.785965336187862249e+02
2.178352746677754226e+02
2.482281667361176574e+02
2.762903786569727345e+02
2.693592818601247245e+02
2.209331054703487780e+02
2.036658831946188286e+02
1.885746970995108143e+02
1.757776397397454673e+02
4.188594487186240940e+02
3.730969982459653806e+02
3.367918247181387414e+02
3.029655902414075399e+02
2.665672724839090506e+02
2.036663834699184861e+02
1.753343373056576411e+02
2.309098270981769190e+02
2.636179707836694774e+02
2.591110734510655220e+02
2.143729636526664422e+02
1.978597277753493415e+02
1.886281726303069490e+02
1.780375659018748991e+02
4.048153582036928242e+02
3.588451820683184224e+02
3.232775899173650487e+02
2.925761338593873688e+02
2.593283203933610253e+02
2.013921068269744126e+02
1.870775022520994355e+02
2.470124355508265239e+02
2.491071203782466625e+02
2.074220941913814613e+02
1.927801168735771284e+02
1.838300717608862556e+02
1.784422957781973196e+02
3.919870400789477571e+02
3.466561574569640243e+02
3.143744887073082737e+02
2.870328091246098552e+02
2.583595731026188673e+02
2.161782325776580933e+02
2.011868495113225208e+02
2.349718913179235358e+02
2.004163080051673944e+02
1.871460774801643936e+02
1.795263307253422056e+02
1.741023514931435159e+02
3.805078674390667857e+02
3.387134945295181296e+02
3.101305031100978908e+02
2.878546082859299418e+02
2.790575655885529613e+02
2.460671670292043416e+02
1.923627609309915840e+02
1.899110234178784822e+02
1.813445948776574141e+02
1.745901452159627922e+02
1.701325999784956764e+02
3.731242128432853065e+02
3.354035995932321157e+02
3.123532204965694632e+02
3.126156664172621049e+02
3.169731602843534688e+02
2.570021680215851347e+02
1.560398082960930424e+02
1.723036848266295067e+02
1.694459248999987153e+02
1.655106746904212400e+02
3.705542026794561252e+02
3.388030815841134427e+02
3.404238586915983547e+02
3.544027855844693704e+02
3.290200573447760917e+02
2.052078089097758777e+02
1.418728923701374924e+02
1.612520846245461144e+02
1.606843263494579332e+02
3.751925447172621944e+02
3.701684513528142020e+02
3.848244340443717419e+02
3.658613919366807750e+02
2.649844564085406091e+02
1.838084625562845531e+02
1.329322943549882154e+02
1.529789056977288624e+02
4.107739116570053852e+02
4.171431439624198561e+02
3.949786334664257197e+02
2.968667237280128575e+02
2.389271493363781929e+02
1.698281229251883815e+02
1.261385019130403009e+02
4.615671001838172742e+02
4.257706139986231619e+02
3.223857838362679331e+02
2.692029064467802755e+02
2.219084893485419059e+02
1.589956762160794597e+02
4.687624803967360094e+02
3.492504981390819125e+02
2.936443910041927552e+02
2.511503562519031618e+02
2.085566170713062775e+02
3.862573816400138185e+02
3.192992303122363182e+02
2.749039480720690563e+02
2.368155563714331322e+02
3.543113807529715018e+02
2.997930392302107521e+02
2.598586923996979863e+02
3.335431118095644933e+02
2.839720075481945400e+02
3.165302666167509642e+02
8.234155971138570749e+02
8.971201029906152371e+02
9.184960255822832096e+02
9.887396454779050146e+02
9.190662890123544457e+02
9.310375772062907345e+02
1.021954179451455843e+03
9.631997168995429774e+02
9.587618286969692463e+02
9.537716486956744575e+02
9.384651089467610063e+02
9.358575361379828337e+02
9.264076176097009920e+02
9.196880047202611195e+02
9.083805145055363255e+02
9.022225565199665880e+02
8.906531369108778335e+02
8.813508414904990786e+02
8.708407459485780464e+02
8.597351855942171142e+02
8.434627669622648227e+02
8.322885023495948644e+02
8.249753551380025556e+02
7.937665397077826128e+02
7.807486690055501413e+02
8.063993693081811216e+02
7.670721546988467026e+02
7.496197007859062751e+02
7.692364144644981252e+02
7.568024825590664477e+02
9.246661619140011226e+02
1.081236142106102307e+03
1.005561834389455612e+03
9.139090302320312276e+02
1.018836784905771879e+03
1.116001220564188998e+03
1.049081525376257105e+03
9.655471469969769487e+02
9.454594931799728101e+02
9.341585372223859167e+02
9.195542733915633562e+02
9.011178287215680029e+02
8.835088779730820079e+02
8.712107716784929607e+02
8.570034330010574877e+02
8.374571425855185680e+02
8.164482415084568174e+02
7.945120034193942047e+02
7.735362787568898284e+02
7.542340766297743357e+02
7.212440528070904975e+02
6.657541336897246538e+02
6.633475311224825646e+02
7.296430501445402115e+02
7.325483951523053747e+02
6.497530604094370119e+02
5.931808012779270030e+02
7.822633029107956872e+02
7.850190904519691912e+02
8.134687663863462603e+02
8.986765431640337738e+02
9.653831625859194219e+02
9.492323158245974355e+02
8.738643670985028393e+02
8.011667915028448306e+02
7.761951157735742299e+02
7.576368973082984439e+02
7.372916754136097097e+02
7.197539615187674826e+02
7.040264218330426047e+02
6.894666262051719059e+02
6.691708867033822798e+02
6.476382627108162069e+02
6.258843383699343121e+02
5.936513958198083856e+02
5.514778206436309347e+02
5.229755021750989954e+02
5.441793557868938933e+02
5.878970779594019405e+02
6.057607916234779850e+02
5.620182853557722638e+02
5.760932091496727026e+02
6.468933629397541836e+02
7.229610718866287016e+02
7.781245734584319962e+02
7.706690770519076068e+02
7.428746968784455476e+02
6.798594787461927353e+02
6.195290913356581086e+02
5.955553670648657771e+02
5.774691819689851400e+02
5.615697567078309476e+02
5.459091567124454514e+02
5.308119169979934213e+02
5.145349117764554876e+02
4.885562295824933017e+02
4.540600111128633785e+02
4.268708483324866734e+02
4.227863097232304881e+02
4.427513811375870887e+02
4.736835700156084386e+02
4.837362227657879998e+02
4.700018472971666483e+02
5.558278239726422498e+02
6.104297344680837796e+02
6.133767656615992792e+02
5.974732725021721080e+02
5.715789391372378532e+02
5.234778187288573008e+02
4.786103049441116468e+02
4.586514736040298317e+02
4.432500714309479690e+02
4.287280776015670654e+02
4.088674523593825256e+02
3.819608740547150774e+02
3.606194336795899744e+02
3.532591255129565297e+02
3.535554443684252419e+02
3.683458059726361853e+02
3.897141781427504839e+02
4.073160611431420648e+02
4.733660816795519963e+02
4.893746861946279409e+02
4.845455069616883748e+02
4.708362103852736595e+02
4.510806248968166869e+02
4.159523297016448282e+02
3.805677999939844653e+02
3.586447795603069721e+02
3.352117103967876233e+02
3.156891102633169908e+02
3.062028083488730772e+02
3.029162032162281548e+02
3.059878329773642349e+02
3.176660197983749185e+02
3.596132316533289668e+02
3.932182754308694257e+02
4.008364088599101933e+02
3.966844035808850322e+02
3.858134325832287459e+02
3.658967103702402710e+02
3.298365558180469748e+02
2.960483723472613633e+02
2.821097113075742868e+02
2.749510497733592160e+02
2.720021969593442464e+02
2.733644808739988434e+02
3.146623750278758962e+02
3.361973237429442634e+02
3.379531981969714138e+02
3.272813182161856389e+02
3.124878176441786195e+02
2.980957809764212243e+02
2.781434905382799343e+02
2.611098228085053279e+02
2.558972390977983196e+02
2.739250013874283241e+02
2.839189676002650913e+02
2.860781948671591408e+02
2.834486929402575015e+02
2.777303892357535915e+02
2.702534123941573512e+02
2.477077916517067422e+02
2.601195660882773382e+02
2.645507559595806697e+02
9.487266090314051326e+02
8.927318969717293839e+02
8.728653828528157419e+02
8.154418649830087134e+02
9.678254750276643108e+02
9.789712391105947518e+02
8.586507889447997286e+02
9.424533285054202452e+02
9.458193264268486473e+02
9.330634711147162079e+02
9.329652131705133797e+02
9.145489062358561796e+02
9.150780609406200483e+02
9.213237177916010978e+02
9.175864395962744311e+02
8.915322856530457329e+02
8.886412082449169247e+02
8.970348211143734716e+02
8.923419453498023586e+02
8.710779254416715958e+02
8.643749491089427011e+02
8.575707502922873573e+02
8.486148613975955186e+02
8.686867316585327217e+02
8.439385003142393771e+02
7.632071469400300430e+02
7.965233379541693921e+02
8.192481177251819418e+02
8.075973837374681352e+02
8.253965466756371825e+02
1.106046124529830877e+03
1.053130824814045582e+03
1.244529883468684147e+03
1.392608324027284198e+03
1.226754768968046619e+03
1.015498973892537379e+03
1.032716768362023686e+03
1.066726191544546737e+03
1.057936303550104867e+03
1.045022768409443188e+03
1.033592005856505921e+03
1.030612016563961561e+03
1.019275391057548632e+03
9.969939718002328846e+02
9.753382820375331903e+02
9.575154807893976567e+02
9.404462473015122441e+02
9.211503144041084852e+02
8.987458068864252709e+02
8.709195186311161478e+02
8.561382793176596806e+02
8.599557265838417379e+02
8.144020169399411770e+02
6.723140491663149305e+02
6.436842950457127017e+02
7.860308851211744923e+02
8.485848710221556530e+02
1.310523586097694306e+03
1.393940620691459799e+03
1.341028617637877232e+03
1.159065656316401601e+03
9.600983064495410417e+02
9.243783910698028876e+02
9.271820417470769371e+02
9.340278101490745257e+02
9.259524622808971799e+02
9.144306789462548295e+02
9.058229629460181513e+02
8.855736898677093905e+02
8.628223664322504192e+02
8.365168812974795856e+02
8.107433767267968960e+02
7.890322459519306904e+02
7.675019438737833752e+02
7.458044049725953073e+02
7.312858077884354771e+02
7.168614709976709491e+02
6.557017475909417499e+02
5.498001521856450609e+02
4.800408291586633140e+02
5.389256488614323644e+02
1.209347116043260485e+03
1.123208494214133907e+03
9.649829913494481843e+02
8.047085597475237364e+02
7.643950399539783120e+02
7.448463591895940681e+02
7.381086473589244861e+02
7.391853884307638509e+02
7.300679555960409743e+02
7.176973191580813136e+02
6.993183225726043020e+02
6.787601821318293105e+02
6.545406085548947885e+02
6.324108861230523644e+02
6.166076914356715406e+02
6.034990646085005892e+02
5.901896126248244627e+02
5.667426103215364037e+02
5.140125459685835949e+02
4.324313686868181890e+02
3.752406085419924011e+02
9.015456330217888308e+02
7.739941006236841758e+02
6.499731474087486731e+02
6.101953694648950659e+02
5.889435524762044452e+02
5.738270617944046990e+02
5.674020699106313259e+02
5.629105425962741265e+02
5.536968101451159328e+02
5.401405804060408400e+02
5.236717302647812176e+02
5.088004503956690314e+02
4.988301874647574436e+02
4.883325342319201354e+02
4.725301468876195941e+02
4.528818794504060747e+02
4.109737040927516318e+02
3.480939354865191717e+02
6.267279781200417119e+02
5.271796971346460623e+02
4.904167421994994811e+02
4.692372270365965505e+02
4.541520207576801909e+02
4.423179737914796874e+02
4.353019881453416247e+02
4.334037809086080983e+02
4.264819882042776271e+02
4.203916764425620158e+02
4.137854148077867080e+02
4.030156186482548719e+02
3.902632130201487826e+02
3.736294753688102332e+02
3.411020190759445541e+02
4.412743831603268063e+02
4.066012937520266632e+02
3.859924540206149572e+02
3.702635382090227267e+02
3.592346127771332362e+02
3.535419513043846109e+02
3.541431882140109337e+02
3.558787452927711001e+02
3.512534203832703952e+02
3.432391626597998879e+02
3.336136199670988844e+02
3.210853551092135945e+02
3.526125468051916414e+02
3.312913957927682418e+02
3.176625476454756267e+02
3.109734071651050158e+02
3.073374237992496774e+02
3.047900853443137521e+02
3.028681980255094004e+02
3.006360284094938606e+02
2.942262974239700952e+02
3.028989887983139511e+02
2.914557410841209162e+02
2.825468604824375234e+02
2.761199816353830556e+02
2.720443437732345728e+02
2.677724962415494474e+02
2.748292592545582238e+02
2.638346027884296632e+02
2.562174063043908632e+02
8.234155971138570749e+02
8.971201029906152371e+02
9.184960255822832096e+02
9.887396454779050146e+02
9.190662890123544457e+02
9.310375772062907345e+02
1.021954179451455843e+03
9.631997168995429774e+02
9.587618286969692463e+02
9.537716486956744575e+02
9.384651089467610063e+02
9.358575361379828337e+02
9.264076176097009920e+02
9.196880047202611195e+02
9.083805145055363255e+02
9.022225565199665880e+02
8.906531369108778335e+02
8.813508414904990786e+02
8.708407459485780464e+02
8.597351855942171142e+02
8.434627669622648227e+02
8.322885023495948644e+02
8.249753551380025556e+02
7.937665397077826128e+02
7.807486690055501413e+02
8.063993693081811216e+02
7.670721546988467026e+02
7.496197007859062751e+02
7.692364144644981252e+02
7.568024825590664477e+02
8.697665798052942137e+02
1.047304661855793711e+03
1.122366135439063555e+03
9.653478771246670931e+02
9.684773007999340280e+02
1.141134703778103358e+03
1.085120577046608332e+03
1.000754115351608789e+03
9.825194223501638362e+02
9.677767418279006506e+02
9.595227582486996880e+02
9.433474718741798597e+02
9.263990081898962217e+02
9.122854126034167166e+02
9.004393037584517288e+02
8.833908643556445668e+02
8.630677323572242585e+02
8.444067704273805930e+02
8.224861137121241654e+02
8.017367430574394120e+02
7.838739157403215358e+02
7.486681214787266754e+02
6.912682298330586264e+02
7.118849527509843256e+02
7.781455812945947628e+02
7.189177632789601375e+02
6.477716386244234172e+02
6.630588232504433108e+02
9.582634473537677877e+02
1.027618639565537023e+03
8.820273519759675764e+02
8.898252855366745280e+02
1.064770387515989114e+03
1.065769278557216921e+03
9.830406227300554747e+02
9.008565159662219912e+02
8.773926965415920449e+02
8.662448936763964866e+02
8.445025043209751630e+02
8.266330320379162231e+02
8.078692023321642637e+02
7.942542643298950225e+02
7.760958451734389882e+02
7.553378699362672251e+02
7.325997706769928755e+02
7.073871579007040964e+02
6.855638242086952232e+02
6.537309703624437134e+02
6.047291455754185563e+02
5.728718135973713288e+02
6.282965161541718544e+02
6.851039561996228713e+02
6.317334645514104068e+02
5.277700587120427826e+02
8.140698696154961453e+02
7.346390628596341230e+02
7.599357970251104462e+02
9.274660090183861030e+02
9.363516323023553696e+02
9.049632544417287363e+02
8.307472466223372294e+02
7.593684832365436250e+02
7.393665027720418266e+02
7.180923967904286656e+02
6.986533403003943477e+02
6.794485612293472059e+02
6.650076336524082308e+02
6.496359362160872024e+02
6.289498586939250799e+02
6.092370125961300573e+02
5.853606122157333402e+02
5.534103783639110361e+02
5.140152066319486721e+02
4.848219927282644903e+02
4.863285261958540104e+02
5.405766627078178317e+02
5.863252046691432042e+02
5.325420436693937063e+02
5.547512411193910111e+02
6.129573328195995146e+02
7.733543916063739516e+02
7.930630295837000858e+02
7.739811834759618705e+02
7.435194331603833007e+02
6.814128433657369897e+02
6.266828287485818691e+02
6.015619719991512966e+02
5.821354289658092966e+02
5.638835516134819272e+02
5.508686769002866868e+02
5.351549265639685018e+02
5.183595426577961689e+02
5.018361423914431043e+02
4.736639974831122686e+02
4.374236815042277726e+02
4.113227047282928197e+02
4.065849323884514206e+02
4.152154786262689754e+02
4.650585081425649037e+02
4.999432876577524212e+02
4.563294359722004288e+02
6.189634102142845222e+02
6.559301535103746801e+02
6.503927722805967733e+02
6.318532887709650367e+02
6.056493182011420231e+02
5.609980713900562250e+02
5.115752365017299894e+02
4.894621528746311014e+02
4.726903919076424359e+02
4.598827116562919173e+02
4.458840176889002009e+02
4.300398418117274559e+02
4.108924284936324511e+02
3.813284933631990157e+02
3.565619871262393303e+02
3.481203856540463448e+02
3.492140325353909134e+02
3.601274346418445020e+02
4.038496809656325013e+02
4.641319412759578427e+02
5.282270613452444650e+02
5.406195168174264154e+02
5.344710540027147090e+02
5.204182908704286774e+02
5.035533753184988086e+02
4.635670845815970438e+02
4.240238044014610637e+02
4.049983467715821348e+02
3.930085639199340335e+02
3.794074013493313942e+02
3.598439118550071498e+02
3.378248656175599649e+02
3.175650361313355461e+02
3.072989576442568591e+02
3.043464769622218569e+02
3.079023873863593508e+02
3.185914271593235867e+02
4.051404056039745569e+02
4.429111317269787946e+02
4.525659627516828891e+02
4.490395220703090899e+02
4.421905517296544303e+02
4.244080565359454340e+02
3.917230525019442098e+02
3.598204332694163554e+02
3.455168426492891740e+02
3.280632146013376769e+02
3.056263163526301696e+02
2.889368327999147823e+02
2.789278887194249137e+02
2.736841741027846524e+02
2.735563936450549249e+02
2.782653259753448083e+02
3.518780520587552019e+02
3.812847941120209612e+02
3.902695862600472196e+02
3.920154964831729103e+02
3.824987862291192187e+02
3.662128835945266587e+02
3.393789462387642857e+02
3.114413811014207454e+02
2.891952466372417803e+02
2.700089175043790988e+02
2.609419206623806531e+02
2.541249302922601885e+02
2.504677972762382296e+02
2.517306060469280453e+02
3.153274635938718120e+02
3.395509981226364289e+02
3.506295938394684413e+02
3.480861249330875467e+02
3.377789178290402106e+02
3.203476724631684647e+02
2.936138135789422563e+02
2.656689610184072308e+02
2.510007392482020521e+02
2.439700111075893858e+02
2.384178448904699508e+02
2.353284856451159328e+02
2.920015158372086148e+02
3.143000521297354908e+02
3.188696155833353600e+02
3.113154550712856121e+02
2.963906010359087304e+02
2.805904924440493460e+02
2.606956865379599435e+02
2.416628932678658259e+02
2.344257602755556604e+02
2.291177756229079137e+02
2.789246817743998577e+02
2.901024582508840126e+02
2.860058393100053991e+02
2.765546537012503450e+02
2.690817763454934379e+02
2.581638205971472644e+02
2.424718109363782332e+02
2.307758860271248409e+02
2.593900843165178003e+02
2.632593140762393205e+02
2.622677739244964528e+02
2.597342595643100367e+02
2.530871590345871311e+02
2.437366236196263003e+02
2.432596603603905407e+02
2.493351467647264883e+02
2.514280887409709351e+02
2.482609954600190747e+02
2.355967050740125899e+02
2.429256140393601413e+02
