3.153767371085488776e+03
2.770395103644441861e+03
2.718990822495752582e+03
2.564550565732050927e+03
3.139801593155220871e+03
3.113602577425506297e+03
2.522394832115216559e+03
2.661593830082771092e+03
2.645838579534356995e+03
2.590196040202790300e+03
2.558159921166742606e+03
2.484232592383465089e+03
2.455046287227168705e+03
2.437505618202581445e+03
2.389165905050147103e+03
2.293276761828143663e+03
2.247597140216270418e+03
2.223344957174414503e+03
2.174264762546723432e+03
2.081623043851488546e+03
2.020302760238076416e+03
1.954305247928348990e+03
1.889221062567710987e+03
1.879132944727940639e+03
1.761510149735737286e+03
1.553011033156396934e+03
1.627588962640967338e+03
1.701182070912451309e+03
1.688508849728987798e+03
1.747643125258096234e+03
3.178372788522856354e+03
2.684688197664504969e+03
2.428075878178045969e+03
2.965210126763193330e+03
3.527190378605710066e+03
2.819381168186881041e+03
2.241689072216584009e+03
2.376552745071777281e+03
2.361951206717478271e+03
2.330424616329412856e+03
2.295062824385205204e+03
2.247049141891699946e+03
2.235383189441080958e+03
2.190541296421213247e+03
2.125553795483827344e+03
2.064975425507736873e+03
2.023702833844779889e+03
1.979354988458561138e+03
1.911695981483366040e+03
1.853754889520032293e+03
1.778539970994999521e+03
1.716402178198631418e+03
1.702003740627795878e+03
1.633701137149624401e+03
1.333907323145590453e+03
1.258799420492606941e+03
1.574645760884892752e+03
1.641162203271185717e+03
1.639419121012816731e+03
2.742422770864746326e+03
2.109563984309605985e+03
2.527650121947255229e+03
3.062742264656978023e+03
2.924795051794916162e+03
2.237386417607090607e+03
1.732767156167707071e+03
1.857050081005968195e+03
1.859385956589517264e+03
1.827395845419965326e+03
1.810609168176855292e+03
1.783187789599513053e+03
1.771618400172930706e+03
1.721536135321148322e+03
1.673579033183043748e+03
1.628682919881544876e+03
1.582559391908250063e+03
1.539061391612842044e+03
1.498394391636463979e+03
1.438890321501536164e+03
1.381100527233527373e+03
1.375386201766395516e+03
1.334450194660777925e+03
1.117921308967052937e+03
9.077494161163356239e+02
1.080149722062130422e+03
1.366353150980733517e+03
1.467543299547955939e+03
1.990457146969423093e+03
2.066730141114941034e+03
2.455312145154283371e+03
2.385889046405145109e+03
2.189545252245321990e+03
1.626957369790697840e+03
1.247941086817179666e+03
1.357759381471161760e+03
1.361597429501155148e+03
1.345601176595581819e+03
1.333887104937389040e+03
1.319261710741125398e+03
1.305273222228334362e+03
1.267118308967890243e+03
1.233983230729883417e+03
1.191364750782096735e+03
1.154416962911958080e+03
1.131560887131942991e+03
1.092625742147822393e+03
1.051861187363915860e+03
1.049099233134618999e+03
1.029740732605951962e+03
8.732637917616459617e+02
6.997991054323348408e+02
7.070365411754512479e+02
8.905572285513040924e+02
1.163604928488951145e+03
1.882594290523499694e+03
1.954684671502576975e+03
1.857460651107324111e+03
1.739043464308799230e+03
1.561483304704761849e+03
1.143316476861601586e+03
8.792595376025359428e+02
9.659574148661507706e+02
9.776399908882744967e+02
9.662663588556504237e+02
9.623104531852353603e+02
9.488379488135466318e+02
9.385104163660446375e+02
9.142020528489200615e+02
8.833911959880671247e+02
8.515745248359788775e+02
8.324742846714352709e+02
8.108679453886227293e+02
7.864323684909056738e+02
7.942737255736428779e+02
7.852115218072162861e+02
6.729250906871068310e+02
5.308630076647200440e+02
5.180798169123368098e+02
5.610075709731479492e+02
7.500516541862325539e+02
1.765090848625989793e+03
1.479288328604237904e+03
1.355782148331887583e+03
1.248252479454823742e+03
1.105542990873789904e+03
8.066174379148543494e+02
6.219311623316111763e+02
6.932872130315880668e+02
7.042277331164352745e+02
7.026128164210410887e+02
6.962513308832548091e+02
6.856165921350821009e+02
6.827391423871563347e+02
6.614960678636837201e+02
6.382867075442411533e+02
6.207978591975634117e+02
6.053670159067769418e+02
5.933111146190581167e+02
6.084498345577419514e+02
6.127246678354682672e+02
5.284187214619319093e+02
4.114703630257676537e+02
3.871726770177706953e+02
4.045182176448517453e+02
4.694650091002035879e+02
1.358091385151279837e+03
1.107802259647922483e+03
1.002076619805030418e+03
9.119514494127931812e+02
8.033463496874272778e+02
5.825786835244133499e+02
4.527826503430869138e+02
5.092564642402724644e+02
5.254641981872773613e+02
5.233413504736488449e+02
5.170482573471010710e+02
5.131711733174879555e+02
5.099592056756545730e+02
4.943905222633660514e+02
4.811128022863985620e+02
4.680158515518719469e+02
4.607857980994913305e+02
4.808480536341469929e+02
4.924969591422087660e+02
4.324599904003542861e+02
3.327098363613436049e+02
3.036625216415567934e+02
3.045354070145376681e+02
3.403150730800053338e+02
1.055850197613539876e+03
8.584192814984314737e+02
7.691400407006359501e+02
6.977992198286697203e+02
6.074723932967998508e+02
4.382331358638456891e+02
3.421486666567622592e+02
3.934470110122675237e+02
4.066249023339415203e+02
4.054982784807431244e+02
4.042865589963391812e+02
4.006845437597404498e+02
3.991028574004027405e+02
3.910299713566246851e+02
3.814885079520126965e+02
3.751888394904420920e+02
3.962877134489799005e+02
4.129675959353132839e+02
3.674650087297186474e+02
2.836314682243122434e+02
2.528721128532450848e+02
2.452768925552047108e+02
2.614704639104987791e+02
8.608876009012104760e+02
6.987888137922805072e+02
6.261632245903473404e+02
5.614400032694912852e+02
4.813278899889826334e+02
3.445701343857808183e+02
2.742865529909743714e+02
3.169112208023348103e+02
3.289852941053187010e+02
3.331586445553788849e+02
3.320659920066274253e+02
3.295230012039990584e+02
3.321485461861861381e+02
3.277386884238745779e+02
3.235401243159025171e+02
3.427801286521769271e+02
3.616109339845964428e+02
3.263649968530746150e+02
2.516873899435307749e+02
2.234197150336786706e+02
2.119617281411130136e+02
2.172399129171257357e+02
7.391183804664293575e+02
6.048135230535021947e+02
5.359444979287295610e+02
4.721431782385302540e+02
3.987956256979439900e+02
2.878572816694478433e+02
2.291422399383035611e+02
2.666195830167828262e+02
2.820365716170655332e+02
2.868737022233362950e+02
2.862696131172974674e+02
2.872703604186084476e+02
2.924170466082973121e+02
2.927671268984690300e+02
3.122872683923222326e+02
3.297269297124333889e+02
3.009678408776379115e+02
2.330144744580436793e+02
2.052752710051537122e+02
1.943025633691801488e+02
1.941618632347178846e+02
6.713930128126798991e+02
5.454928409514967598e+02
4.744541663001630809e+02
4.123898788536785673e+02
3.492027017987455793e+02
2.493840313767904888e+02
1.990138639764083166e+02
2.365129192531038598e+02
2.516040145608294836e+02
2.568490117111819586e+02
2.593395256145711301e+02
2.630764305745232150e+02
2.719316805259110197e+02
2.953454838021978617e+02
3.134612269305375776e+02
2.860148819943963190e+02
2.225247170816041944e+02
1.960300254123558261e+02
1.842728153636631134e+02
1.830944398982571784e+02
6.279771442449920187e+02
5.019943964183942740e+02
4.316945771376238667e+02
3.768004951661947075e+02
3.140589243239057851e+02
2.230702177599772540e+02
1.810980419493821501e+02
2.165226151766330815e+02
2.310718975875896888e+02
2.391660251855600734e+02
2.445691568670593767e+02
2.519168292590322551e+02
2.829246079436006767e+02
3.059020995904303390e+02
2.806722920092016125e+02
2.171803193837094739e+02
1.918722479444313933e+02
1.806107804237796586e+02
1.773972666351172052e+02
5.922396626182828641e+02
4.700226844005039766e+02
4.065202565125130718e+02
3.497139519696086722e+02
2.889332215013155860e+02
2.076075943962774772e+02
1.688044928054046068e+02
2.023247160649167995e+02
2.188549459053790827e+02
2.299113591009119659e+02
2.389686372577019995e+02
2.677242345429139618e+02
2.991315179625961491e+02
2.802614743310009544e+02
2.174539594944033638e+02
1.906668391040266783e+02
1.802446852494520613e+02
1.766536530853483100e+02
5.641242994715206578e+02
4.515410684680916802e+02
3.853595692336936054e+02
3.290729898587538287e+02
2.744469183822884588e+02
1.966258172240324598e+02
1.595486875754465927e+02
1.937612303917783265e+02
2.127628758818462131e+02
2.274209678284875054e+02
2.575072696189002954e+02
2.869937655624858053e+02
2.782806111786143788e+02
2.203107584479185732e+02
1.934468272993556752e+02
1.815549551201052907e+02
1.781823365982330927e+02
5.481090345760788978e+02
4.339332473695753265e+02
3.679465429956661069e+02
3.175553361741640401e+02
2.635885619500379562e+02
1.878671505618789297e+02
1.538811003921867098e+02
1.897284934015005433e+02
2.119086360319084008e+02
2.470228446839368246e+02
2.784936876394737055e+02
2.699015034390371852e+02
2.208740429203876943e+02
1.978167386935888032e+02
1.859924648267198393e+02
1.806519750187991349e+02
5.307468161871188386e+02
4.182042983422367683e+02
3.586119480868404139e+02
3.082478792435533137e+02
2.542020629454808329e+02
1.825421566511389244e+02
1.513741346752397590e+02
1.897998620979468285e+02
2.312126944488146307e+02
2.684718065227716011e+02
2.638699266280567031e+02
2.157237363455840296e+02
1.995156493958823773e+02
1.914558928555586022e+02
1.858171925523682262e+02
5.140592292747667216e+02
4.101423625737315888e+02
3.503600375200200006e+02
2.993732718480068797e+02
2.485701223390138921e+02
1.805569270681105252e+02
1.518730148148454475e+02
2.077300973260531407e+02
2.520089554889519832e+02
2.555710936994487383e+02
2.119397332042074709e+02
1.957219230508110002e+02
1.938750201284937589e+02
1.916941648852083802e+02
5.056959779801189256e+02
4.023018167415937683e+02
3.416949345016423649e+02
2.941580965218907977e+02
2.470351192439134707e+02
1.819276784744149609e+02
1.665904086447211512e+02
2.269073000101573143e+02
2.407121867051695574e+02
2.059079417237867347e+02
1.928588181827656740e+02
1.907396609446405762e+02
1.942343003307847766e+02
4.968968999889933116e+02
3.933466803491784276e+02
3.366814262766756656e+02
2.934217661242087729e+02
2.498529830741922240e+02
2.002108967610051025e+02
1.823026319335099856e+02
2.174036822737074317e+02
1.943865158460218936e+02
1.876929611918275782e+02
1.882794884852685016e+02
1.911173342922878078e+02
4.863110245515987344e+02
3.882243166616556209e+02
3.365686597579461932e+02
2.976806395773426743e+02
2.758005642890454396e+02
2.314413525814334491e+02
1.751753622851327066e+02
1.759676585126620694e+02
1.774282353243277441e+02
1.833686022449405186e+02
1.885552452642445758e+02
4.802130379446152233e+02
3.886245600069112243e+02
3.421024220910069289e+02
3.294221637269981215e+02
3.174506610654332235e+02
2.426671506307800428e+02
1.421500543137807426e+02
1.608687370083270878e+02
1.734504475180032443e+02
1.834352845818295066e+02
4.809051961493514113e+02
3.955351194284490361e+02
3.791951034868601482e+02
3.776941680870006053e+02
3.303755831412940438e+02
1.938065267516535357e+02
1.301834744998463691e+02
1.573975829960826900e+02
1.733518258648655319e+02
4.897442217527668618e+02
4.389241483958757044e+02
4.330155398037419445e+02
3.905058006377009860e+02
2.661015186775331927e+02
1.748778563377012745e+02
1.275572954787809010e+02
1.572084751665657052e+02
5.436728266277380044e+02
4.993016583325567126e+02
4.449226910138954736e+02
3.168908964439399369e+02
2.417082127499472506e+02
1.689831411933286063e+02
1.274000066866055931e+02
6.160273213550857463e+02
5.100977528343589711e+02
3.633117669333221897e+02
2.895135711497360944e+02
2.348846626977442611e+02
1.664376145472095629e+02
6.258175865692155639e+02
4.188306115595025858e+02
3.335311082665213576e+02
2.827147470309075175e+02
2.322236556307697981e+02
5.162892018785071286e+02
3.861131774211202696e+02
3.270326141145187648e+02
2.804018223233350682e+02
4.775554716046644899e+02
3.799406330860769003e+02
3.252029543086119929e+02
4.712982099176719544e+02
3.786529808768431167e+02
4.705245153371773199e+02
1.735718133172017815e+03
2.442363441776325544e+03
2.516291581672673601e+03
2.753416659882424938e+03
2.570942681123999137e+03
2.561489300055543481e+03
2.702064429205325723e+03
2.430580293220482872e+03
2.378927719087696914e+03
2.342650870906877572e+03
2.286071151288919282e+03
2.258726158563296849e+03
2.216447188217819985e+03
2.176997614847321074e+03
2.128780725918079952e+03
2.086854995926726133e+03
2.033199977357137868e+03
1.985858012521568298e+03
1.933034133582626282e+03
1.880277591728658308e+03
1.811223834767025437e+03
1.754939559244606926e+03
1.703603720261179205e+03
1.602191989429347132e+03
1.539187362893401314e+03
1.562145874860691947e+03
1.486368804642263285e+03
1.465483013659586049e+03
1.510002067308135565e+03
1.439324237209460534e+03
1.511031286978641447e+03
2.154447026055042897e+03
1.959648088857338053e+03
1.740218743797764773e+03
1.935439901196000392e+03
2.122162381321630164e+03
1.905041566189492642e+03
1.688114833823216713e+03
1.628977536166111122e+03
1.601580929132005849e+03
1.571962852596116363e+03
1.536649670952111364e+03
1.501399702742126010e+03
1.476985947334153025e+03
1.446309735652278732e+03
1.405071031990758684e+03
1.363997612453985539e+03
1.321414581455907410e+03
1.280964626670610187e+03
1.240329901676327381e+03
1.175018202992182296e+03
1.073729254447268204e+03
1.063455205893236553e+03
1.169568828246192197e+03
1.176127353034042244e+03
1.043662951095451035e+03
9.186212765568672012e+02
9.300152200822924442e+02
1.085177994903252966e+03
1.122099161673672825e+03
1.253749470800365543e+03
1.372760992140752705e+03
1.333489401279450703e+03
1.177049740532370379e+03
1.043467033363585870e+03
1.001027088371902551e+03
9.756689826428709011e+02
9.513441164342123102e+02
9.309642558399676773e+02
9.121851906343684959e+02
8.957838146717559766e+02
8.708147703716645083e+02
8.440524375611661299e+02
8.178023828275034930e+02
7.754337121343036188e+02
7.187608124555796394e+02
6.826219045362611269e+02
7.150880600328752053e+02
7.796148259409349066e+02
8.087608656652781747e+02
7.274235616544909817e+02
5.061160928832903778e+02
6.846360718872851976e+02
7.918290730060457463e+02
8.755948990455343619e+02
8.717523089153120281e+02
8.311685998309761771e+02
7.356801921220369422e+02
6.540124033654780078e+02
6.247732181100161597e+02
6.069691783412763471e+02
5.934464874525550613e+02
5.804265198096882159e+02
5.676448996427475322e+02
5.541925350956142893e+02
5.285219244996154657e+02
4.919896794366098334e+02
4.643866897571658114e+02
4.638381966553241114e+02
4.926712487174905846e+02
5.340152024402173083e+02
5.374158881660962379e+02
3.564576407274086591e+02
5.051680630952275806e+02
5.807513080869427995e+02
5.944330559798579543e+02
5.834809778958424431e+02
5.538056022287535143e+02
4.963857480704784848e+02
4.476365398899739603e+02
4.281310558575664231e+02
4.154707462783113101e+02
4.043592819340601636e+02
3.875330292355811252e+02
3.630635974051688208e+02
3.444592351591008423e+02
3.404537334046819979e+02
3.442445090364459475e+02
3.631357768213774193e+02
3.832946863956195784e+02
2.954961120310972547e+02
4.023976017653652093e+02
4.331599782090913209e+02
4.378129259615660658e+02
4.290808964130732193e+02
4.097844092271512864e+02
3.745231005124511512e+02
3.410321049772848028e+02
3.200914848317939914e+02
2.986013566288142442e+02
2.815652240016630117e+02
2.743835933166953964e+02
2.734539518141010035e+02
2.783695525907952515e+02
2.890766159954137606e+02
2.675643219383870246e+02
3.319714031234254321e+02
3.515179343141360278e+02
3.546400016098204446e+02
3.477861374376968229e+02
3.293021304497931965e+02
2.950870978471585317e+02
2.630165462723711016e+02
2.489748487560900685e+02
2.425855943978442610e+02
2.404577893358266749e+02
2.407264079763527604e+02
2.490110486396084752e+02
2.923000552273401809e+02
3.027842885059260993e+02
2.971672159285176349e+02
2.847104739191350404e+02
2.705092386169019392e+02
2.511979835277462314e+02
2.343170203565092322e+02
2.268216959155813868e+02
2.288982961666395397e+02
2.542947005641502187e+02
2.621017487656400249e+02
2.622423170048292604e+02
2.569748585214888408e+02
2.474605776361813980e+02
2.152255018974729239e+02
2.384047859413230128e+02
2.458043302007016848e+02
3.153767371085488776e+03
2.770395103644441861e+03
2.718990822495752582e+03
2.564550565732050927e+03
3.139801593155220871e+03
3.113602577425506297e+03
2.522394832115216559e+03
2.661593830082771092e+03
2.645838579534356995e+03
2.590196040202790300e+03
2.558159921166742606e+03
2.484232592383465089e+03
2.455046287227168705e+03
2.437505618202581445e+03
2.389165905050147103e+03
2.293276761828143663e+03
2.247597140216270418e+03
2.223344957174414503e+03
2.174264762546723432e+03
2.081623043851488546e+03
2.020302760238076416e+03
1.954305247928348990e+03
1.889221062567710987e+03
1.879132944727940639e+03
1.761510149735737286e+03
1.553011033156396934e+03
1.627588962640967338e+03
1.701182070912451309e+03
1.688508849728987798e+03
1.747643125258096234e+03
2.511806541107387147e+03
2.347997395552837133e+03
2.848449806530830301e+03
3.200510949128316042e+03
2.663950541098997746e+03
2.078851865727890981e+03
2.031033994450271848e+03
2.060038787450867858e+03
2.038728459793451066e+03
2.009692550643184632e+03
1.975672690946120611e+03
1.960579469208959608e+03
1.924429006116266464e+03
1.868511825516226736e+03
1.816338529285822460e+03
1.773236616233238465e+03
1.729443362525170414e+03
1.676495243563105760e+03
1.623597205312391679e+03
1.558454336455015209e+03
1.514408426956402536e+03
1.498548568524849543e+03
1.393290325926034029e+03
1.139116210882549694e+03
1.096465544604810248e+03
1.361284246930120844e+03
1.506493421180848827e+03
2.139763286443881498e+03
2.311064899130511549e+03
2.181820848158867648e+03
1.780026854124555939e+03
1.391762770748778394e+03
1.307070505347265907e+03
1.294307476705375393e+03
1.296770083769844859e+03
1.288343467891555974e+03
1.273194343872606851e+03
1.261916933838544537e+03
1.234084852754405119e+03
1.201987648116009268e+03
1.166766893444003927e+03
1.131335001102841488e+03
1.100867421386697970e+03
1.072084369121736700e+03
1.039885554656220847e+03
1.017589999309493805e+03
9.987719188780533841e+02
9.143769957166554150e+02
7.670018674804254033e+02
6.751002270927115205e+02
7.754355621897260562e+02
1.530742748005693102e+03
1.381858385885980624e+03
1.120787726000341991e+03
8.858912851000560522e+02
8.235449704914277618e+02
8.006122269105186433e+02
7.936171751647136716e+02
7.969133992865984055e+02
7.918890033795007639e+02
7.841780062723405536e+02
7.684151963955264364e+02
7.499753145364823013e+02
7.271299488911042772e+02
7.065710409204738198e+02
6.943850643731121863e+02
6.846287235338613755e+02
6.744671654730404953e+02
6.544130969839139880e+02
5.987013528315117128e+02
5.068215890196088935e+02
4.459732556389384968e+02
9.191866223055741330e+02
7.443161853861990949e+02
5.953143399891533818e+02
5.465505300137456288e+02
5.260323681865576191e+02
5.155436196061826877e+02
5.142241114468587284e+02
5.153897023806171092e+02
5.134207439960008514e+02
5.065486243741607950e+02
4.957007353021820109e+02
4.863511060252982929e+02
4.831009327826837421e+02
4.797892887912531137e+02
4.710132975582592962e+02
4.578839954787970328e+02
4.203763222315777170e+02
3.595145742306634133e+02
5.548524905110812142e+02
4.439463982583956181e+02
4.011417588951743483e+02
3.806856178329686031e+02
3.701878440867739641e+02
3.646676351682329482e+02
3.642567666297180722e+02
3.690848915297230519e+02
3.695843025964110211e+02
3.699573999753380349e+02
3.699482866270939212e+02
3.662337211966843711e+02
3.604221780008501810e+02
3.512235488662281568e+02
3.254161858013576420e+02
3.733914267365575483e+02
3.295354221491912767e+02
3.080358553807781163e+02
2.955005925553301154e+02
2.891030049685047061e+02
2.891622176327687725e+02
2.960286946715399949e+02
3.039346134547755582e+02
3.058936894257942072e+02
3.041521417022188416e+02
3.006443648699238338e+02
2.948622041826255327e+02
3.007220348423865062e+02
2.745138865605951537e+02
2.617666541158483255e+02
2.575683001953966595e+02
2.575469689522163890e+02
2.597348849954862544e+02
2.635001020368426339e+02
2.672806022156864856e+02
2.670987629953584133e+02
2.695697421562292107e+02
2.546764282516767537e+02
2.459282791031937734e+02
2.412700169873742198e+02
2.407509035095124261e+02
2.416597404276460566e+02
2.564549200902657162e+02
2.424899324086452168e+02
2.355865440572946454e+02
1.735718133172017815e+03
2.442363441776325544e+03
2.516291581672673601e+03
2.753416659882424938e+03
2.570942681123999137e+03
2.561489300055543481e+03
2.702064429205325723e+03
2.430580293220482872e+03
2.378927719087696914e+03
2.342650870906877572e+03
2.286071151288919282e+03
2.258726158563296849e+03
2.216447188217819985e+03
2.176997614847321074e+03
2.128780725918079952e+03
2.086854995926726133e+03
2.033199977357137868e+03
1.985858012521568298e+03
1.933034133582626282e+03
1.880277591728658308e+03
1.811223834767025437e+03
1.754939559244606926e+03
1.703603720261179205e+03
1.602191989429347132e+03
1.539187362893401314e+03
1.562145874860691947e+03
1.486368804642263285e+03
1.465483013659586049e+03
1.510002067308135565e+03
1.439324237209460534e+03
1.454268795472021338e+03
2.213900159110897221e+03
2.416128894198570379e+03
2.029884400770504499e+03
2.018172079293635761e+03
2.346600044790971424e+03
2.123498131410565748e+03
1.884975801634895106e+03
1.823942633965853929e+03
1.783778335301654806e+03
1.762962713502120550e+03
1.727594343790390440e+03
1.686778220364115214e+03
1.655556206093365745e+03
1.623801511208222564e+03
1.582977454125215900e+03
1.535711694386887984e+03
1.494134353354417044e+03
1.446265045247531816e+03
1.397741040385480346e+03
1.355293260984191193e+03
1.277370467576539795e+03
1.165682989093842252e+03
1.187452562047391893e+03
1.292321274438324053e+03
1.200824397183501787e+03
1.091287683245716835e+03
1.081161754875029828e+03
1.390158403395300866e+03
1.697292544837343939e+03
1.431190754150158455e+03
1.431924295878176281e+03
1.709374905202577111e+03
1.681024382955831015e+03
1.483891615359914340e+03
1.312074221103393938e+03
1.263054057441430814e+03
1.243018598993733121e+03
1.212385682960346685e+03
1.187253886986921543e+03
1.160932578256557235e+03
1.140480516589730087e+03
1.113500470059323561e+03
1.083087576973451405e+03
1.049539815849346041e+03
1.013582225186052710e+03
9.814329777479402992e+02
9.327065853277601946e+02
8.584415096602330095e+02
8.115083351095933040e+02
8.910322447344645980e+02
9.762373000708271320e+02
9.081735324530716298e+02
7.362603933806897203e+02
9.173637381894467353e+02
9.314045188857787707e+02
9.686756354483942459e+02
1.185076943174238068e+03
1.195358359573581993e+03
1.139775115898819877e+03
1.005663678089430505e+03
8.916762261761308537e+02
8.613626387255940244e+02
8.376646129237022933e+02
8.173597716714017452e+02
7.975971695855976122e+02
7.827415891820159004e+02
7.689680105374969799e+02
7.478212999240031422e+02
7.267083202066512513e+02
7.014169710666446917e+02
6.642390667158105089e+02
6.175473035912117439e+02
5.847464091485029485e+02
5.903528557155307226e+02
6.616888275543752798e+02
7.242699457552986360e+02
6.458084305998928585e+02
4.848183187584010057e+02
6.281897695935738284e+02
8.108029784535597173e+02
8.408281357311548163e+02
8.249002629823252164e+02
7.829835709301627276e+02
6.957133317345372916e+02
6.262854623874884510e+02
5.993176034626211504e+02
5.811431104757950834e+02
5.650827561529642935e+02
5.556927138537914743e+02
5.442434177686137673e+02
5.317958927017598398e+02
5.186013571554926784e+02
4.920093411900489855e+02
4.552213119679910278e+02
4.304674397336085008e+02
4.305202920734129179e+02
4.447020845231066914e+02
5.041512332469723106e+02
5.367057343756760019e+02
3.325360500938984387e+02
5.436824403001371593e+02
5.991180871107146686e+02
6.068176052945916581e+02
5.937611710889920005e+02
5.645393051530653565e+02
5.132454197236086202e+02
4.630123614521243098e+02
4.413940291782289478e+02
4.275476806634491709e+02
4.190128305270739588e+02
4.099995973132357676e+02
3.995256778206683066e+02
3.843466409612631196e+02
3.582203374596901995e+02
3.363155483339864986e+02
3.314073611066315834e+02
3.371133195336627750e+02
3.517465653820063380e+02
3.948069043540083953e+02
3.106171053620760745e+02
4.275433724285172161e+02
4.596782342294249588e+02
4.650096212652117629e+02
4.567883258880607968e+02
4.411833534948745523e+02
4.034450155395521165e+02
3.665962839388300267e+02
3.492259575004874819e+02
3.406871224335708916e+02
3.317390003361210233e+02
3.170231346306807154e+02
2.985670297166803948e+02
2.820191068079747083e+02
2.745569865198754087e+02
2.744053438771260289e+02
2.809275783088500589e+02
2.906917941332413307e+02
2.747659419393972371e+02
3.530064984511241164e+02
3.775612132062698834e+02
3.829825070600190315e+02
3.816397438275820377e+02
3.675681636824675138e+02
3.379242251595199491e+02
3.093944229518803581e+02
2.971334203738359747e+02
2.830658980526741288e+02
2.646803411807929365e+02
2.506443679036295009e+02
2.429999344392678893e+02
2.395276257341510586e+02
2.407852287747879529e+02
2.453482429401146021e+02
2.539895848366201676e+02
3.110263504383744930e+02
3.308539697946076785e+02
3.398944649994949714e+02
3.360298588641838933e+02
3.212825236252189143e+02
2.970755852139182025e+02
2.726998407891863963e+02
2.522091773753341215e+02
2.354841817037967928e+02
2.278052188281823476e+02
2.224594560155791498e+02
2.191950952795574494e+02
2.194735403945381336e+02
2.442992618770841489e+02
2.882222629973193762e+02
3.081232991229027220e+02
3.120823747300002537e+02
3.041722810962893959e+02
2.873237237040011109e+02
2.631044658748042480e+02
2.375540922373014041e+02
2.235559016959125529e+02
2.168440206867111044e+02
2.117351896409328447e+02
2.073493646490484821e+02
2.408857768319275010e+02
2.788288999676867093e+02
2.912244126139130458e+02
2.868597897640804035e+02
2.728909879931139244e+02
2.574910936451522048e+02
2.388150831347493295e+02
2.211659210836770626e+02
2.127778249149720864e+02
2.061940849094786188e+02
2.420657384721092171e+02
2.670072524251166897e+02
2.674871053299464165e+02
2.595971463394151328e+02
2.528002668934239807e+02
2.417909887648711447e+02
2.265518495997191621e+02
2.134670440014461406e+02
2.327520093697930577e+02
2.467113266702127703e+02
2.487735029090524108e+02
2.478814220666689323e+02
2.413744100186586081e+02
2.309991678606891128e+02
2.216915573565114528e+02
2.360625168867074137e+02
2.411345740692109985e+02
2.385312739714885879e+02
2.162329824024805305e+02
2.307528748731496364e+02
