2.468004955614480878e+03
2.117516224123090069e+03
2.134117119064551389e+03
1.972453271126500795e+03
2.190832831529727628e+03
2.415942852692727229e+03
2.011306333604801466e+03
2.227572892775724540e+03
2.189258302719475523e+03
2.143951539660544313e+03
2.127982781758379588e+03
2.069928250765585744e+03
2.035754615907057541e+03
2.031925748253160009e+03
2.000508902061398885e+03
1.927557122172028357e+03
1.891166359786790053e+03
1.875564008856880946e+03
1.820032541306453140e+03
1.769509968117344442e+03
1.721377755325950375e+03
1.664611433970699636e+03
1.618765281859353763e+03
1.611509010203370508e+03
1.477371701380236800e+03
1.350087154062427999e+03
1.339362974571800123e+03
1.447655030424379220e+03
1.417599581111559928e+03
1.465877212136177150e+03
2.709572883255722900e+03
2.371259815447173878e+03
2.184773086381463600e+03
2.425731348659253399e+03
3.032717575919140927e+03
2.435226347107506626e+03
2.006652053255874989e+03
2.234100253236031222e+03
2.177405322752789289e+03
2.157835731161908825e+03
2.122823455277641187e+03
2.090854632102637879e+03
2.069898418566728651e+03
2.035208516280042204e+03
1.984933482680100951e+03
1.929578242712241263e+03
1.890076288481051051e+03
1.845472405171874470e+03
1.776909839732506725e+03
1.745532917615103088e+03
1.671935601425049981e+03
1.614232449326467759e+03
1.602011764341219532e+03
1.495327241765587587e+03
1.288235310523571115e+03
1.218768575244818521e+03
1.412629891114556813e+03
1.526974004301682271e+03
1.509366544101087811e+03
2.624700079832922711e+03
2.086447612300995388e+03
2.369102786736469170e+03
2.932461850551955195e+03
2.685658520959570978e+03
2.139756795355973736e+03
1.698663429334821103e+03
1.907187861873221436e+03
1.873800655961621260e+03
1.845668228046215063e+03
1.829891499881075333e+03
1.809590351473856572e+03
1.787596355000567200e+03
1.742021171709099690e+03
1.697924913121217742e+03
1.653243381444084434e+03
1.599888962053614250e+03
1.556075392644222575e+03
1.513100566654318982e+03
1.463299985686315949e+03
1.404192698018325927e+03
1.390817106750603898e+03
1.306005641319858114e+03
1.153416235821712917e+03
9.533659540729853461e+02
1.117482846930111236e+03
1.309166036876573344e+03
1.460539480448383529e+03
2.094100845411032878e+03
2.108028892435719172e+03
2.634652649412691062e+03
2.368916996362078407e+03
2.184314957210696775e+03
1.687488111927601039e+03
1.315538533563905276e+03
1.502691823469106566e+03
1.471198805604035442e+03
1.461434810301484276e+03
1.447279468075792920e+03
1.434530211525088589e+03
1.410787182064156241e+03
1.369546962718972054e+03
1.337450253308216816e+03
1.287763914435829975e+03
1.244187622112195186e+03
1.222269445467051355e+03
1.172314975219251210e+03
1.138241771489716939e+03
1.127811141735799083e+03
1.060774153027903594e+03
9.482110755615182143e+02
7.731292520174990841e+02
7.835158220960754534e+02
9.689543600644135495e+02
1.169722709645571740e+03
2.019142732662595563e+03
2.245145799876006095e+03
2.026443794227488070e+03
1.837591798512586365e+03
1.661765297243275427e+03
1.262493464741565049e+03
9.837903401811901176e+02
1.129472519207043433e+03
1.116506486881788305e+03
1.108110559601184377e+03
1.100306054430188851e+03
1.086846874414786498e+03
1.065650390330668870e+03
1.038186259671455673e+03
1.002401475457837137e+03
9.642965416573525772e+02
9.425872978746637045e+02
9.146495369549402312e+02
8.829615833199912913e+02
8.918274021657861113e+02
8.419935343827029328e+02
7.560521239258688411e+02
6.085235395498960997e+02
5.968035335622647608e+02
6.451143879033907069e+02
8.424794615315680630e+02
2.094538128392535327e+03
1.693606357745640025e+03
1.542640767464827150e+03
1.376909885160729345e+03
1.231282468595947194e+03
9.333753535479060019e+02
7.229671102598155130e+02
8.429826681171018663e+02
8.335354855624394759e+02
8.329315513420488060e+02
8.232287609135171351e+02
8.099087945875980949e+02
7.999908605830019042e+02
7.718895582547077083e+02
7.442370310988341089e+02
7.246768829642414858e+02
7.022421517291548980e+02
6.871940034548406402e+02
6.945642982638823923e+02
6.706426171911765550e+02
6.064913657753694451e+02
4.803379434076383063e+02
4.568766331676470713e+02
4.767602929274460735e+02
5.491179282897702478e+02
1.571019515836156643e+03
1.293247059800288980e+03
1.162705720528471147e+03
1.029143279502582345e+03
9.196508244505130278e+02
6.899859414461132019e+02
5.378910195589324985e+02
6.309910584091190913e+02
6.303379054774145516e+02
6.288490726983179684e+02
6.181892404738403002e+02
6.136462365807066135e+02
6.023377450163958429e+02
5.811319409021604088e+02
5.669985009565782548e+02
5.486469660861404236e+02
5.383014583258504899e+02
5.545889609778283784e+02
5.363032181942678562e+02
4.973247865076282324e+02
3.904412872639518923e+02
3.597823414441427872e+02
3.621574459269535851e+02
4.019790261073600277e+02
1.215889276567233082e+03
9.972181585384159916e+02
8.920552852681682907e+02
7.908381298689345158e+02
6.980941353611095792e+02
5.226720768606511456e+02
4.074833688872807897e+02
4.863716354340974135e+02
4.857578967460340778e+02
4.837018336831783358e+02
4.806514829034730951e+02
4.744184445493375506e+02
4.666742320305616545e+02
4.565488492348289356e+02
4.435714976848752826e+02
4.354474009086268325e+02
4.529500700466953731e+02
4.461478189137543495e+02
4.144696099024285445e+02
3.290503634506572439e+02
2.973209237655053698e+02
2.884179756869101539e+02
3.072455433720797942e+02
9.648753823310428288e+02
7.948437554010475878e+02
7.146820188885737934e+02
6.264389943645160201e+02
5.483680031371695804e+02
4.070407521959070891e+02
3.217536798910948050e+02
3.858177470598229775e+02
3.850580966415119519e+02
3.900156217254491935e+02
3.857915524080668206e+02
3.812487659483792299e+02
3.812387139363454480e+02
3.730551996697573145e+02
3.682483215149545686e+02
3.847835309333802343e+02
3.827216536214997973e+02
3.620996734579431404e+02
2.840824861910963364e+02
2.573925554937533207e+02
2.443591008910322842e+02
2.494255676627142009e+02
7.991637720934850222e+02
6.674958379227671230e+02
5.945573291591350653e+02
5.160657469051351427e+02
4.456497354744973336e+02
3.325211960755362384e+02
2.628201121393763060e+02
3.163069825325620741e+02
3.219436967609489670e+02
3.260965504782298581e+02
3.229279334068546632e+02
3.242791593121046958e+02
3.256558340824794868e+02
3.248768513033594445e+02
3.423763130745965668e+02
3.412256130993688430e+02
3.264897538521318552e+02
2.579389405487915496e+02
2.292495644229669267e+02
2.179943541214820186e+02
2.170499288041574744e+02
6.993031507487394265e+02
5.819426929988378561e+02
5.132458577540592159e+02
4.402001748048783156e+02
3.804483257650433075e+02
2.811220707876451570e+02
2.220130348946833294e+02
2.738251302321732510e+02
2.787728752445693772e+02
2.834343047167854479e+02
2.854250833069519899e+02
2.881594314833960198e+02
2.957046362292361437e+02
3.162918122024045715e+02
3.172285970847321437e+02
3.041523452601199438e+02
2.411505078637877943e+02
2.147425902128120185e+02
2.000686389480289904e+02
1.988582223248936884e+02
6.321098626916734702e+02
5.225829789793494911e+02
4.565856720668281241e+02
3.927580207879159389e+02
3.345350487294641653e+02
2.450178359745264629e+02
1.976376549845661827e+02
2.443383898699775330e+02
2.493490769698004783e+02
2.584546639302398034e+02
2.622042083813449267e+02
2.704784418362374367e+02
2.983412043361150268e+02
3.036833824931661638e+02
2.933422479100336204e+02
2.314707185829753087e+02
2.063025625289504603e+02
1.925457898331959257e+02
1.868095049278338422e+02
5.835073689026756938e+02
4.801510457373661325e+02
4.216396479387002501e+02
3.579641277335195468e+02
3.012094450218727957e+02
2.240409405495215083e+02
1.802918373570382755e+02
2.235592166277198487e+02
2.323621778994053955e+02
2.432956360992890552e+02
2.524469614532614514e+02
2.800796917303923692e+02
2.938163646979744499e+02
2.888973083640465802e+02
2.286527618324612945e+02
2.022513849298238426e+02
1.890465732508666008e+02
1.832268407752391113e+02
5.475587362196990853e+02
4.544024997848278531e+02
3.943324777824365697e+02
3.313020011218848140e+02
2.826422936427119907e+02
2.086126492971093853e+02
1.675326147277441464e+02
2.117326494108555721e+02
2.222382892674723678e+02
2.383105304065096846e+02
2.663165906270814958e+02
2.806956999678117199e+02
2.850990225040613382e+02
2.292575573521873764e+02
2.030389600978333533e+02
1.882943294209077862e+02
1.824061641056567566e+02
5.260494285351993540e+02
4.324669980392353068e+02
3.718137187643148422e+02
3.173626822442104753e+02
2.681400662893716458e+02
1.967201377120452435e+02
1.603557546370419402e+02
2.048532573302738058e+02
2.200194217337601970e+02
2.544062480209663590e+02
2.701556695517898561e+02
2.762319016187709053e+02
2.290222001076919014e+02
2.059418326522027485e+02
1.912191806499981226e+02
1.833414281807467603e+02
5.058387012355067895e+02
4.127636418042271202e+02
3.609176664630909386e+02
3.053937900081486418e+02
2.561174289183124415e+02
1.902804753028528353e+02
1.562903678725335226e+02
2.043767449123308211e+02
2.365864541829402299e+02
2.600299634363256587e+02
2.685371442335317624e+02
2.238145770238858461e+02
2.072846234399335685e+02
1.954842380835380595e+02
1.873024764543044114e+02
4.861237129011594220e+02
4.040653454535665219e+02
3.503344886207423770e+02
2.944802166805465049e+02
2.499628090808870411e+02
1.869316188470715190e+02
1.566829183719547984e+02
2.209331369760681127e+02
2.429038586939568631e+02
2.601576670254474379e+02
2.189212882603594039e+02
2.036209924945991361e+02
1.976972562105206919e+02
1.921461324574304683e+02
4.780422315490030201e+02
3.943242027193865624e+02
3.396910000687935280e+02
2.892726076578238690e+02
2.472036779039675878e+02
1.885308769113643734e+02
1.699781597478615822e+02
2.276588393277125135e+02
2.441901592775359688e+02
2.129375699857899633e+02
1.998773642345857979e+02
1.947986356210619476e+02
1.946002375991664053e+02
4.677459942267295787e+02
3.836155417768167126e+02
3.348960727961349448e+02
2.874567640089165934e+02
2.505783242661150325e+02
2.054781970218068921e+02
1.755658362902653096e+02
2.298461973087457864e+02
2.004594599893891598e+02
1.948260513229521393e+02
1.915795563597146440e+02
1.918357119265159270e+02
4.557061349146520115e+02
3.790114986939641426e+02
3.336785686031388423e+02
2.924595289410150940e+02
2.741967302955220021e+02
2.244538266781817697e+02
1.779208767120867094e+02
1.892616872582629810e+02
1.836971896667404565e+02
1.868949531244732896e+02
1.886248578413488701e+02
4.505962637563104067e+02
3.782518528714885520e+02
3.401992582182816705e+02
3.209654999802590964e+02
2.983589716871594533e+02
2.483633713423682536e+02
1.468917275256310973e+02
1.737425536886538282e+02
1.763186882581446469e+02
1.838590746847154094e+02
4.499694609902556408e+02
3.861788461819712097e+02
3.739672091997361463e+02
3.479247426372079985e+02
3.278882229353704361e+02
2.019014882039872703e+02
1.350813101069299478e+02
1.669141347147606496e+02
1.733095932591765234e+02
4.596930783268798564e+02
4.250099429789938199e+02
4.036688291775387825e+02
3.799133008565794967e+02
2.688245964837900033e+02
1.829844733123509002e+02
1.298966929344561549e+02
1.639930075778079299e+02
5.061674003530221739e+02
4.569280019033904523e+02
4.380148203092328458e+02
3.137283482729337720e+02
2.452620301782633305e+02
1.735837458121505108e+02
1.275898336506411539e+02
5.419799594548107962e+02
4.929584319896469538e+02
3.638564603260792296e+02
2.878176995759772581e+02
2.339160672539857444e+02
1.682153155319759321e+02
5.815030383231104452e+02
4.116174018153323573e+02
3.352864605821227428e+02
2.757293705868374332e+02
2.275279789272760240e+02
4.877197831919528994e+02
3.807728483331794109e+02
3.223590514588864266e+02
2.690102558365259711e+02
4.526081380975555248e+02
3.672399752204237871e+02
3.152506651689820956e+02
4.376565770841813219e+02
3.598725897883477387e+02
4.295797400258153971e+02
1.540697579384192068e+03
2.018862730748724289e+03
2.026909473156355716e+03
2.175296669078939431e+03
2.091909400899742650e+03
2.010675036292256436e+03
2.286566642647422213e+03
2.063407937347486950e+03
2.057849190347628792e+03
2.029426639221360347e+03
1.982390885780762801e+03
1.958062580767679492e+03
1.926341968698653091e+03
1.893563287002221159e+03
1.857185122420299422e+03
1.824155104467066394e+03
1.782063919402599822e+03
1.735473104926344831e+03
1.702243100018970381e+03
1.650868910209499290e+03
1.598120215821292959e+03
1.554279143689199145e+03
1.506422585414925607e+03
1.415751418509705218e+03
1.378572349568609752e+03
1.345111962479794329e+03
1.326346031985834998e+03
1.273035453401989116e+03
1.314912317687982522e+03
1.257926601227502715e+03
1.481041321012006392e+03
2.000545036644932907e+03
1.847587269274375103e+03
1.670980744279863302e+03
1.851939713840726654e+03
2.033732034100043165e+03
1.830407007735271236e+03
1.650014530169033833e+03
1.619496065914609972e+03
1.587699549170150704e+03
1.559615805147802121e+03
1.526716909514154395e+03
1.495192494046142201e+03
1.467776525676837537e+03
1.436737540368331565e+03
1.396350640530621376e+03
1.360084524335484502e+03
1.316731243878475880e+03
1.272813114867955164e+03
1.228658035642973573e+03
1.164899648454618273e+03
1.083984262386198679e+03
1.074694046168619479e+03
1.142593935517266118e+03
1.146296609959164243e+03
1.039618052947478191e+03
9.170544028291243421e+02
1.007864836385023523e+03
1.144758410664540406e+03
1.209664872695120721e+03
1.335425257630569604e+03
1.453601125687168405e+03
1.382346171760190373e+03
1.241876557811850944e+03
1.111960641941235281e+03
1.080426709838505985e+03
1.052510615198325013e+03
1.026553496362045507e+03
1.003714253073579698e+03
9.839358901357861669e+02
9.632557137449148286e+02
9.367956630677514340e+02
9.072334426079582954e+02
8.755770528513359068e+02
8.261760898131536806e+02
7.772603235210683579e+02
7.412819028759931825e+02
7.739710530793207681e+02
8.198201753801513405e+02
8.468182255971186123e+02
7.591715791187915556e+02
6.063885344092111609e+02
7.845491555056109974e+02
8.965760875497791176e+02
9.923025602778670873e+02
9.591323824292633162e+02
9.102018274822868307e+02
8.135203031978244326e+02
7.277221933141313457e+02
7.028569633943799317e+02
6.816871643207389297e+02
6.669616437940959486e+02
6.506024199853837899e+02
6.361898427225661408e+02
6.181149836939332545e+02
5.864083586484780426e+02
5.530051376824643512e+02
5.235340182408842793e+02
5.227096319214429059e+02
5.520449212202653371e+02
5.817089222462606131e+02
5.857864372909272106e+02
4.331473238936093253e+02
5.881225504125205816e+02
6.745940043909322412e+02
6.742863326987042001e+02
6.524128491816679798e+02
6.158192806001723056e+02
5.543889083117076098e+02
5.007614503651386144e+02
4.828982968107480929e+02
4.676580244489578035e+02
4.546463470162060503e+02
4.343710134897841044e+02
4.113423107716462823e+02
3.910073174571344339e+02
3.864498991857856254e+02
3.901559076989158825e+02
4.092046382254420678e+02
4.226559520995123194e+02
3.495501537223282753e+02
4.652866375379003898e+02
4.889501732585373475e+02
4.896127491013257895e+02
4.737534144925806459e+02
4.497873267637383492e+02
4.109899347893447725e+02
3.728719899758467022e+02
3.524679364933806482e+02
3.319579365085599534e+02
3.141705095554123659e+02
3.067880574584469855e+02
3.058966488937273311e+02
3.109973956953147081e+02
3.213433897667699739e+02
3.045427580053331553e+02
3.672443947634131405e+02
3.848374421723928549e+02
3.849794865190323208e+02
3.734255064257359322e+02
3.514653070038301053e+02
3.168579401658927281e+02
2.829671544329754056e+02
2.702542524641896193e+02
2.637344632380971348e+02
2.619032820508373902e+02
2.624381682167977488e+02
2.699398061185448796e+02
3.121143907080588065e+02
3.205692603849983584e+02
3.145870884707838968e+02
2.998844996690145877e+02
2.844739039935477081e+02
2.643522485450803856e+02
2.467758195670960504e+02
2.406505326864862866e+02
2.421691921507370751e+02
2.659883001885990552e+02
2.728670105195037081e+02
2.722191436751330684e+02
2.656561839242666565e+02
2.559584853368623669e+02
2.236658968689688720e+02
2.451881865791370672e+02
2.520023720406584857e+02
2.468004955614480878e+03
2.117516224123090069e+03
2.134117119064551389e+03
1.972453271126500795e+03
2.190832831529727628e+03
2.415942852692727229e+03
2.011306333604801466e+03
2.227572892775724540e+03
2.189258302719475523e+03
2.143951539660544313e+03
2.127982781758379588e+03
2.069928250765585744e+03
2.035754615907057541e+03
2.031925748253160009e+03
2.000508902061398885e+03
1.927557122172028357e+03
1.891166359786790053e+03
1.875564008856880946e+03
1.820032541306453140e+03
1.769509968117344442e+03
1.721377755325950375e+03
1.664611433970699636e+03
1.618765281859353763e+03
1.611509010203370508e+03
1.477371701380236800e+03
1.350087154062427999e+03
1.339362974571800123e+03
1.447655030424379220e+03
1.417599581111559928e+03
1.465877212136177150e+03
2.337283644187923073e+03
2.192815083647489701e+03
2.545506395056056135e+03
2.877087001845974100e+03
2.405794830408966845e+03
1.939149157372130958e+03
1.969774403652262890e+03
1.995169600986020669e+03
1.969931676843257719e+03
1.942667165228297108e+03
1.918051711562537548e+03
1.897840129708320774e+03
1.864606614264254631e+03
1.817410726877787283e+03
1.768767974610922920e+03
1.724441082288186408e+03
1.678347846557367120e+03
1.624517075405314927e+03
1.585278206658035742e+03
1.523290559990987049e+03
1.478899365092112930e+03
1.448645438050026996e+03
1.333454591778008307e+03
1.140206964599072080e+03
1.100781534706613002e+03
1.285769575967171704e+03
1.436712664286769268e+03
2.218936221910604218e+03
2.371290831931827142e+03
2.160980857492488212e+03
1.805989122135425760e+03
1.445365454687326746e+03
1.402891032424987770e+03
1.388161782636489079e+03
1.393437815223800499e+03
1.382055269042618193e+03
1.368781844151166524e+03
1.351456029380253995e+03
1.321304241919595597e+03
1.287396056336611991e+03
1.249292678923026642e+03
1.208068560759895945e+03
1.174673576803393644e+03
1.141651207609144649e+03
1.109926419844204702e+03
1.080119020486611362e+03
1.049687984835789621e+03
9.506710535498141326e+02
8.300038075092683130e+02
7.414617698875266569e+02
8.421353612902320265e+02
1.647664730435298907e+03
1.480533753493381937e+03
1.224645342096692502e+03
9.831045288371990409e+02
9.430085793026212286e+02
9.161381901824634042e+02
9.093167247547550005e+02
9.120946887066741056e+02
9.046146254945526834e+02
8.919343497671397927e+02
8.713480490839400545e+02
8.496825772662742793e+02
8.216242284935989346e+02
7.966788695501421671e+02
7.817653775022732816e+02
7.633464769849639424e+02
7.501464866792020985e+02
7.216375438736182559e+02
6.526672334938746189e+02
5.730708203931135358e+02
5.110796662806334894e+02
1.018191751720362504e+03
8.387447849329416840e+02
6.794387379513318592e+02
6.408163606535038070e+02
6.187484723570485130e+02
6.073596325071594038e+02
6.035974660281113984e+02
6.035560170068789603e+02
5.966157809153929747e+02
5.861420824768634930e+02
5.715232297522849194e+02
5.587957418037514117e+02
5.512416789067627860e+02
5.437961894729280630e+02
5.298737832238033434e+02
5.118539201354990382e+02
4.656626084888272317e+02
4.105564464451563822e+02
6.193316952107491034e+02
5.015985933221471669e+02
4.659350697348713197e+02
4.439096896533418430e+02
4.329295817459553177e+02
4.257918072035225805e+02
4.233532477548391739e+02
4.257595363895358673e+02
4.224696253601100011e+02
4.194316075736054472e+02
4.173049162317650485e+02
4.104910676263978644e+02
4.017569469145845460e+02
3.876140790112566492e+02
3.565468418953872174e+02
4.078544785812608211e+02
3.703304145798994114e+02
3.483673997141511904e+02
3.353983180121310852e+02
3.282386886435312476e+02
3.274091425412674994e+02
3.310323938111932875e+02
3.368812444467021692e+02
3.369391941806335353e+02
3.332074018816375656e+02
3.274738747013853981e+02
3.185390898398382546e+02
3.239331442849045857e+02
2.990759465415634963e+02
2.865035300187780081e+02
2.812601854983732892e+02
2.807709016164422451e+02
2.817577191346975383e+02
2.841189490688654473e+02
2.863134553918062579e+02
2.840405669390237904e+02
2.820986566390071175e+02
2.689354313308453470e+02
2.603548980331075313e+02
2.556077029189326026e+02
2.546545077024777584e+02
2.542118730458645928e+02
2.636056273246448427e+02
2.509580952444174216e+02
2.443450166799412671e+02
1.540697579384192068e+03
2.018862730748724289e+03
2.026909473156355716e+03
2.175296669078939431e+03
2.091909400899742650e+03
2.010675036292256436e+03
2.286566642647422213e+03
2.063407937347486950e+03
2.057849190347628792e+03
2.029426639221360347e+03
1.982390885780762801e+03
1.958062580767679492e+03
1.926341968698653091e+03
1.893563287002221159e+03
1.857185122420299422e+03
1.824155104467066394e+03
1.782063919402599822e+03
1.735473104926344831e+03
1.702243100018970381e+03
1.650868910209499290e+03
1.598120215821292959e+03
1.554279143689199145e+03
1.506422585414925607e+03
1.415751418509705218e+03
1.378572349568609752e+03
1.345111962479794329e+03
1.326346031985834998e+03
1.273035453401989116e+03
1.314912317687982522e+03
1.257926601227502715e+03
1.454448090254532190e+03
1.990706445413594565e+03
2.200680654980593772e+03
1.887938853986104959e+03
1.828220344087657395e+03
2.220146986262026985e+03
1.989638175247302343e+03
1.801989927728513521e+03
1.771019330218007781e+03
1.733283848032250035e+03
1.710439636402070164e+03
1.677165896188965917e+03
1.644425435799211527e+03
1.612071578157859676e+03
1.580789597916631010e+03
1.543069103166316154e+03
1.495219812632876938e+03
1.461653558861346937e+03
1.411194875501350452e+03
1.360236655624438754e+03
1.322691819085320503e+03
1.243145028757540331e+03
1.156418583131872765e+03
1.177320497529465683e+03
1.216054196804743697e+03
1.179783216943125126e+03
1.067682646029861189e+03
1.031189271325060872e+03
1.435240247742466636e+03
1.677495358617707552e+03
1.462120979287513137e+03
1.438923316694678988e+03
1.784862698260738171e+03
1.689138241313840354e+03
1.521729088014160652e+03
1.363571649239637736e+03
1.332434768692658508e+03
1.307008436491158818e+03
1.275315039826839666e+03
1.250956269228057863e+03
1.224404752003470094e+03
1.198936777925077877e+03
1.170935206040573803e+03
1.137195026537687909e+03
1.105502344899442505e+03
1.063684639594217742e+03
1.024901961144525103e+03
9.716108455421681356e+02
9.100730551456708781e+02
8.660212018869355006e+02
9.418351017749839684e+02
9.748222264504427130e+02
9.472081782201319129e+02
7.733405853268528745e+02
1.007264622878043724e+03
1.023207623680889128e+03
1.044151796348177641e+03
1.341247180073503159e+03
1.286362312857730558e+03
1.225682715964474255e+03
1.096432732694840979e+03
9.817968212106713963e+02
9.578813732922903910e+02
9.296276413543671424e+02
9.089877993716435185e+02
8.863966317212921240e+02
8.690660899783422337e+02
8.521931124308421204e+02
8.249831423141898767e+02
8.036554110288114998e+02
7.714469079296308109e+02
7.258724028825761252e+02
6.859783944086337897e+02
6.505035885551317278e+02
6.583227929329041217e+02
7.291228660946735545e+02
7.506871511439098867e+02
7.017649124730968424e+02
5.811412722601767200e+02
7.140505801622324498e+02
9.637825027558866395e+02
9.556704222518952747e+02
9.264518944458239957e+02
8.751049160974118877e+02
7.851777976356632962e+02
7.084517202015633757e+02
6.842546718233943466e+02
6.637600895773899765e+02
6.458340833558602299e+02
6.339195804887152690e+02
6.200255023271405435e+02
6.020091932081464847e+02
5.865600359890684103e+02
5.532763969487964459e+02
5.172061849119610315e+02
4.918832264010199538e+02
4.909060671064740973e+02
5.058447165204412386e+02
5.659027925069481171e+02
5.670352071560472496e+02
4.046666237402340016e+02
6.662086135804173637e+02
6.977581086410755233e+02
7.010831860275241070e+02
6.752897925059744466e+02
6.390443215420693832e+02
5.819440606077802158e+02
5.244244070828124222e+02
5.054824391205208940e+02
4.896862774731470722e+02
4.789087402201514010e+02
4.677363901413457370e+02
4.530904480790387083e+02
4.351812928407294976e+02
4.088805314906625199e+02
3.843501246051581006e+02
3.799946623715055125e+02
3.850863573894312708e+02
4.009720019469677936e+02
4.429980322551121503e+02
3.933516618686178958e+02
5.008218878951437887e+02
5.317730505338444118e+02
5.310542148830442102e+02
5.148350521679174108e+02
4.931531240274024412e+02
4.500896021679515115e+02
4.094398346181092165e+02
3.932129585677408841e+02
3.826826866750713521e+02
3.719113561506616179e+02
3.533750715766951203e+02
3.372748104557463193e+02
3.186232923444994753e+02
3.096774723889830625e+02
3.102869803144605498e+02
3.165514533047619352e+02
3.271269515880800327e+02
3.226889527086199223e+02
4.032899953503719530e+02
4.245668798346854373e+02
4.265326884072383109e+02
4.190843386035538742e+02
4.007383508794084150e+02
3.685811784673652483e+02
3.370397230366505141e+02
3.250720918342645973e+02
3.091091590647959038e+02
2.908126112679520929e+02
2.772009386879275894e+02
2.688267367803748016e+02
2.643407129471129338e+02
2.663634751004387908e+02
2.706454752401755854e+02
2.863557004635748626e+02
3.423418447165058183e+02
3.604393292772144264e+02
3.666896340540101278e+02
3.583683547228336010e+02
3.420196187312519100e+02
3.159331717400737602e+02
2.889248480363733051e+02
2.707990209600704929e+02
2.527967611735800233e+02
2.459609622433043512e+02
2.400588750207685393e+02
2.363693719055392819e+02
2.374492415326873811e+02
2.646388020280065234e+02
3.076631202058906069e+02
3.254621732669127141e+02
3.272190589587599447e+02
3.174138283112656040e+02
2.992960901971183603e+02
2.753567834849706628e+02
2.488811189936838275e+02
2.350245944666515356e+02
2.290230251960392422e+02
2.236993617249405588e+02
2.189890714133661902e+02
2.543255892721739997e+02
2.898968299363669416e+02
3.002828870850900103e+02
2.954342506273442268e+02
2.816352121705150466e+02
2.656814210840322517e+02
2.466434633329319013e+02
2.276467374676444990e+02
2.210607981294635067e+02
2.143390699829822950e+02
2.503959807273216143e+02
2.724383975321312619e+02
2.737115627946611767e+02
2.659073274738821056e+02
2.581704933574095548e+02
2.467495186923014785e+02
2.307011898351061063e+02
2.184564575724479027e+02
2.388916373064937488e+02
2.512455806214767335e+02
2.529438713645079133e+02
2.516860461189069156e+02
2.445739651683133786e+02
2.334053083612484727e+02
2.267930986460698932e+02
2.392309942897906296e+02
2.437154409992302249e+02
2.411031847096142826e+02
2.205743809747350497e+02
2.331969009534558666e+02
