1.002023270399326634e+03
9.356201719784139641e+02
9.096002940749203844e+02
8.503894119433520018e+02
1.003450904399661454e+03
1.018681138350059541e+03
9.010061478400674559e+02
9.817770799523902951e+02
9.867087841700292756e+02
9.741449241076411454e+02
9.725956827484428686e+02
9.537551067623711560e+02
9.535643806252370496e+02
9.599328773635094194e+02
9.553165703040776862e+02
9.278384796416673908e+02
9.225024607033742541e+02
9.297044532453480770e+02
9.221479436891272599e+02
8.987985531609778036e+02
8.901898968406673021e+02
8.827745166090003295e+02
8.723047607591641963e+02
8.904012643508876863e+02
8.621998443537844423e+02
7.775379392466453510e+02
8.083004100459695564e+02
8.303284846657884373e+02
8.182967383069054677e+02
8.407147483673639954e+02
1.265257133437258290e+03
1.159176486511437815e+03
1.033504855597756205e+03
1.198058480938709863e+03
1.445068606969903840e+03
1.226010551770011716e+03
1.050487321667709011e+03
1.166085702009486567e+03
1.158898901102843183e+03
1.147782814743591416e+03
1.134466273059346577e+03
1.119678189872574421e+03
1.119488873274746538e+03
1.107312878575708055e+03
1.084304200946907940e+03
1.062498052722698048e+03
1.051317199355690036e+03
1.037829740862960762e+03
1.017035939276003205e+03
9.964002612868921460e+02
9.641988927692734705e+02
9.403740365420372882e+02
9.521874093800328183e+02
9.389284712114979357e+02
7.779159390515009136e+02
7.280632124863010404e+02
8.915321454327012134e+02
9.143049766661994227e+02
8.909523677515312556e+02
1.372246778608863451e+03
1.158274534329782227e+03
1.324192813542241311e+03
1.576983779719865879e+03
1.565159067297136971e+03
1.270067830444403171e+03
1.057203007585966361e+03
1.179218454098040183e+03
1.180131605239743521e+03
1.158156490826982235e+03
1.148162769478861946e+03
1.133347074437425135e+03
1.131097102090898943e+03
1.103177529566525891e+03
1.078286865003647108e+03
1.053250609076414094e+03
1.028285076287028687e+03
1.005498403756991593e+03
9.829055781954000395e+02
9.481848283404207223e+02
9.131688926791737231e+02
9.175879512251673304e+02
9.008938557926146586e+02
7.612392666860818053e+02
6.124501637609787394e+02
7.177315488058432038e+02
8.898490301981568109e+02
9.100363604034185983e+02
1.235175098738838642e+03
1.375567313510904796e+03
1.601037766650412777e+03
1.555400415024330869e+03
1.486539416596116098e+03
1.176980350293668607e+03
9.622709738912650437e+02
1.085621446217459606e+03
1.081032052733517276e+03
1.062973588426030119e+03
1.052776350312380146e+03
1.040805921777370713e+03
1.029420241380023981e+03
9.989498240008215362e+02
9.733148442042631814e+02
9.389819348946111859e+02
9.124661687238790364e+02
8.894388978371017629e+02
8.571941697666579785e+02
8.267840599279614935e+02
8.265223582825011590e+02
8.086953133834862228e+02
6.855040822166865837e+02
5.425133887430495179e+02
5.411507793699680633e+02
6.686569829743414175e+02
8.299958925138269024e+02
1.390073606614249911e+03
1.576532184861899850e+03
1.484843556213932061e+03
1.392694310898825279e+03
1.309758132148341019e+03
1.023722686126163126e+03
8.333710055839744655e+02
9.394794460065260182e+02
9.392605369745468806e+02
9.225830390589358103e+02
9.159383262310826694e+02
8.986798414044690162e+02
8.847266625614477107e+02
8.574037200234797638e+02
8.257019331151830102e+02
7.942013914134390689e+02
7.710390242814627300e+02
7.432764276165607953e+02
7.170636407744673306e+02
7.221670406437095835e+02
7.075120121087657026e+02
6.013266182328426339e+02
4.670148904151047304e+02
4.493969508842311598e+02
4.774291533193937767e+02
6.055499191122517004e+02
1.538356038099100942e+03
1.410414955566719755e+03
1.282396671779412145e+03
1.189662876140137541e+03
1.111197594277596636e+03
8.655678444071936610e+02
6.972543586913329818e+02
7.913829949988557928e+02
7.920893531132094267e+02
7.810479495824761216e+02
7.695079368351481435e+02
7.512890169855792237e+02
7.407237501412007532e+02
7.113878982425784443e+02
6.837982151899943801e+02
6.579230875218249821e+02
6.343841175991193495e+02
6.137436156794777844e+02
6.203882055958246156e+02
6.160250366883690276e+02
5.271781722565725659e+02
4.037974489747934967e+02
3.753157460282322404e+02
3.837832139199801418e+02
4.233273428964109257e+02
1.347772450803502124e+03
1.194467686239915338e+03
1.077284353076766592e+03
9.982850077103761350e+02
9.311845511675419402e+02
7.169519372040383587e+02
5.774199420838838250e+02
6.580531553777999534e+02
6.630963486220711047e+02
6.494606606340202006e+02
6.361239232140220565e+02
6.232352599339245671e+02
6.105152554580034803e+02
5.868911594649978269e+02
5.650721060913407428e+02
5.417579849768800386e+02
5.259135171491134315e+02
5.355903960943064703e+02
5.358284318872522363e+02
4.663664275038553910e+02
3.551910245683178573e+02
3.215662804747435644e+02
3.165196735100653314e+02
3.367639407103778808e+02
1.131697344055817894e+03
9.974313076790763262e+02
9.025302616626545387e+02
8.389995160278592721e+02
7.732108757760106528e+02
5.931565529813941566e+02
4.777079816645488677e+02
5.499471556025777090e+02
5.515648751610846148e+02
5.374068417217381466e+02
5.287968873367601645e+02
5.156331023851777218e+02
5.066213895521492532e+02
4.894188314432395259e+02
4.710046120804629481e+02
4.556031714261234242e+02
4.677518515387924367e+02
4.736986353660532245e+02
4.155343718725878261e+02
3.183088773497779584e+02
2.839871231918563694e+02
2.714386752705719346e+02
2.780968210550805111e+02
9.470597933827979205e+02
8.399879806451441482e+02
7.657424363662814812e+02
7.057037772042721144e+02
6.460577611471615000e+02
4.935966640859842300e+02
4.007572673892457260e+02
4.603882786934483420e+02
4.601237220712058615e+02
4.515251940783526265e+02
4.424622915005101049e+02
4.332282464306547922e+02
4.286496433071141610e+02
4.157824615606531893e+02
4.044491137527447222e+02
4.152299072582587769e+02
4.256964525431540665e+02
3.782579966201915909e+02
2.888085530444999449e+02
2.572863808626749460e+02
2.418893962248962168e+02
2.405805721714389165e+02
8.061889576736255094e+02
7.222529109492039652e+02
6.550111049659969922e+02
6.008195597982396521e+02
5.458293523458016807e+02
4.185810507147758130e+02
3.386055348490787651e+02
3.885495447796309350e+02
3.922998790233823456e+02
3.841300925891031284e+02
3.779715069152246656e+02
3.731610154876296406e+02
3.717095640160527523e+02
3.655197011026333485e+02
3.785389379260194005e+02
3.891944318069024575e+02
3.501095230167370573e+02
2.684847903856721132e+02
2.368004341505440777e+02
2.219112956576212525e+02
2.170500141617587531e+02
7.047977888907216766e+02
6.289773130157642527e+02
5.690872045488068807e+02
5.190822137121900823e+02
4.714166120786168790e+02
3.584075976596901683e+02
2.893027122152691959e+02
3.365078478905875841e+02
3.397219344142021669e+02
3.344467754746408445e+02
3.318961806640913892e+02
3.304454463614994779e+02
3.340062135146251308e+02
3.509933564855865598e+02
3.648754614173751065e+02
3.289380578441289344e+02
2.536047425014383236e+02
2.236510243861450533e+02
2.070420415681186341e+02
2.016904745883327337e+02
6.255072607901586252e+02
5.570363905540033329e+02
5.024736582000724070e+02
4.590035713583292818e+02
4.113522727107178412e+02
3.105802421174621486e+02
2.541905311847332598e+02
2.963293510733449239e+02
3.011561550443722126e+02
2.994391723868038184e+02
2.998493998433536376e+02
3.029988516205178257e+02
3.278077191583962531e+02
3.467400294942568166e+02
3.158649803631244026e+02
2.426049692045944255e+02
2.143874954520781841e+02
1.982318683623498430e+02
1.904484491608167502e+02
5.643134951526649274e+02
5.012471123810726112e+02
4.538405327828897953e+02
4.095966077150207525e+02
3.630140374355891595e+02
2.768528019146733072e+02
2.270351719533262269e+02
2.668530007231348691e+02
2.742445355135718046e+02
2.755903950701798522e+02
2.799256454607535716e+02
3.030585282117075394e+02
3.302720592762684078e+02
3.062118486861090787e+02
2.365715513225118798e+02
2.076900409134675556e+02
1.922853096989115613e+02
1.843504812598025921e+02
5.166186428944874933e+02
4.606754229905568536e+02
4.127818158098938284e+02
3.689151290164789430e+02
3.292283339526264854e+02
2.505767791624635663e+02
2.070350629788902381e+02
2.464437406903239776e+02
2.562887997828685798e+02
2.613580677186929506e+02
2.844931850630979966e+02
3.103881522404649331e+02
2.962450798834398711e+02
2.322290550376796432e+02
2.046459516964085878e+02
1.880779391744568727e+02
1.804031224727953315e+02
4.820089912424565455e+02
4.253160130022221210e+02
3.780254659934088295e+02
3.408034586558675869e+02
3.024972815858181434e+02
2.311194714785254689e+02
1.932702361208604032e+02
2.331348345023655781e+02
2.460996652943157983e+02
2.692446694280390602e+02
2.953233147663248133e+02
2.820106742334816090e+02
2.268453686678084296e+02
2.025557275475546817e+02
1.867365968848027080e+02
1.776396934757704287e+02
4.506349286232425584e+02
3.944781038157948387e+02
3.543254859941560539e+02
3.180311642152005334e+02
2.825065029945643005e+02
2.178278401589120108e+02
1.845043154037547879e+02
2.260522784160293099e+02
2.562045539268711423e+02
2.826504487050517582e+02
2.711567211308204151e+02
2.176694480638696518e+02
1.990949065597408207e+02
1.859020294527517194e+02
1.772495280636156849e+02
4.223625381662151312e+02
3.737567368725908636e+02
3.346073023735058882e+02
3.007786563973289162e+02
2.690123811676053833e+02
2.096353829210340507e+02
1.801747562846884989e+02
2.372629420967672047e+02
2.713035752765073312e+02
2.618178570720469338e+02
2.106696861702029366e+02
1.920258254251451149e+02
1.834917685844630171e+02
1.770756795302884257e+02
4.037095258900802150e+02
3.560361955981568940e+02
3.194703369185129418e+02
2.893748733013918013e+02
2.611211639292162658e+02
2.060451152079153303e+02
1.902421854676108808e+02
2.529573750540548929e+02
2.530537399204039559e+02
2.045552898322794704e+02
1.866366648955217329e+02
1.775780896585724236e+02
1.751830933316779806e+02
3.872829417094880000e+02
3.422669851494662794e+02
3.097227816339988635e+02
2.832962850288197387e+02
2.584095958246375062e+02
2.187636493652433956e+02
2.038433199617759044e+02
2.372627052589944299e+02
1.985952207024520249e+02
1.818763516257604351e+02
1.730658201209711535e+02
1.698404382853189816e+02
3.743784794568871348e+02
3.336601992296066896e+02
3.051497439431317389e+02
2.822829028569080378e+02
2.759773875785292603e+02
2.480127643819740513e+02
1.920154336071347529e+02
1.868922754686346650e+02
1.770850030633239953e+02
1.690451174471182867e+02
1.657448470096422284e+02
3.666155497052877195e+02
3.302510487928335010e+02
3.056110517548094094e+02
3.032743110147998777e+02
3.121636956842933159e+02
2.549948731110653455e+02
1.516890458380310349e+02
1.670473114835814670e+02
1.648909843256171257e+02
1.620719714457213740e+02
3.642630051459543097e+02
3.319800701422822726e+02
3.298114552796546946e+02
3.425644529658912347e+02
3.187847897317624870e+02
1.981592388048433122e+02
1.358358699579099209e+02
1.557767399774216699e+02
1.582101536665204549e+02
3.673219691051787095e+02
3.594623955852040353e+02
3.718089265113636657e+02
3.479269238421219370e+02
2.497535954930023365e+02
1.747756860786653874e+02
1.268174135898392194e+02
1.495517553228112320e+02
3.988801165424787882e+02
4.042753614776909217e+02
3.755818123973283491e+02
2.746464940958285865e+02
2.217309115473767065e+02
1.608868865892192446e+02
1.217973856264032548e+02
4.476213413802034893e+02
4.061935469456938677e+02
2.983294615467958693e+02
2.453200705733996472e+02
2.051953628429865830e+02
1.524645578493613414e+02
4.475506982040149637e+02
3.243254192635218374e+02
2.678143924448430653e+02
2.281523605859797499e+02
1.952535220814899333e+02
3.590068183144349518e+02
2.923669329907509109e+02
2.500921145513453610e+02
2.179322309964407509e+02
3.248275585720167555e+02
2.739482903048354956e+02
2.396379794352916406e+02
3.052850026807526547e+02
2.631719482456066999e+02
2.939416802244821838e+02
8.661222644007141298e+02
9.506317353335318785e+02
9.716854064701129801e+02
1.042776838724882282e+03
9.706955124040417786e+02
9.831861297927965779e+02
1.080016012188120385e+03
1.020514066183696514e+03
1.012995904722364230e+03
1.007826084194625082e+03
9.913745588564202080e+02
9.877693844077098220e+02
9.775026476529266120e+02
9.694836377630927018e+02
9.572378568154488221e+02
9.494762310063704263e+02
9.362721634856617356e+02
9.246119422091694560e+02
9.124617039168844030e+02
8.986727442172468727e+02
8.806074146841381207e+02
8.675530142492700634e+02
8.577992954642091945e+02
8.232114678897338536e+02
8.076241532261009297e+02
8.314253659990781671e+02
7.885403432248408535e+02
7.691371912450782702e+02
7.908873588723083685e+02
7.781725915998671326e+02
9.964160785748117632e+02
1.167993497405714152e+03
1.090469683694653440e+03
9.927794785824605697e+02
1.105067104580605019e+03
1.207826261291720812e+03
1.136361563452199562e+03
1.045845757096121815e+03
1.024703032298149083e+03
1.011002656295640463e+03
9.949842314687173257e+02
9.744272775757209502e+02
9.550422931365390014e+02
9.413991449535573111e+02
9.253182337648195244e+02
9.035843962697697407e+02
8.806526604765596176e+02
8.560031582621816142e+02
8.324135129024639355e+02
8.108129136763330962e+02
7.741931244213301397e+02
7.129488485900692467e+02
7.080896245434641969e+02
7.756725022698891507e+02
7.758457707578172631e+02
6.869857654914324030e+02
6.284498402741882046e+02
8.378878129312345209e+02
8.484028658754001526e+02
8.843512630942017267e+02
9.743757164546602780e+02
1.042945410681770909e+03
1.024828555353314414e+03
9.435719433065709154e+02
8.649356495574843393e+02
8.389157401854563432e+02
8.185973531401871242e+02
7.965094777669416999e+02
7.776669845052268784e+02
7.601356387451738783e+02
7.438977430940443583e+02
7.218622303453441873e+02
6.983559029626312622e+02
6.745456133713753388e+02
6.393724432919607352e+02
5.935977734848096361e+02
5.623017276065545502e+02
5.834699436075874246e+02
6.274667597528629130e+02
6.417064389173785912e+02
5.910687164625245487e+02
6.083361259138459900e+02
6.914805955366854278e+02
7.751162682703668452e+02
8.326828794185756806e+02
8.218411625532341986e+02
7.925417144155155711e+02
7.253045187063083858e+02
6.607686439549861461e+02
6.358596454144482095e+02
6.164132998333576552e+02
5.988413154342642883e+02
5.820137914654640099e+02
5.656550330388287193e+02
5.482429240459854327e+02
5.202007631626211150e+02
4.836751865911473374e+02
4.549559091991918081e+02
4.505148828598047430e+02
4.699877315638456139e+02
4.994903248311747461e+02
5.041743808838543828e+02
4.902994358086733087e+02
5.859844623519850302e+02
6.454987385451861428e+02
6.469166246100687658e+02
6.286177954400261569e+02
6.015020763094992162e+02
5.508939290286473351e+02
5.032316280853491435e+02
4.824518440254994971e+02
4.660956143342116889e+02
4.504373957399220672e+02
4.292475103869392115e+02
4.010904139483627660e+02
3.789677914073143938e+02
3.715549395208605574e+02
3.716592191078356109e+02
3.855415755186663205e+02
4.041212755549187818e+02
4.205132563461170321e+02
4.931199821765069942e+02
5.107051726668532865e+02
5.046804131945914378e+02
4.891366773597533211e+02
4.686791723015733737e+02
4.318341644126118126e+02
3.945773210906221493e+02
3.719055167207970385e+02
3.476058834106938775e+02
3.273158930890747911e+02
3.178592435567408643e+02
3.145750373467285499e+02
3.171993805510903144e+02
3.272672793671751492e+02
3.683147182338948937e+02
4.055472172669478823e+02
4.137542404385463328e+02
4.083210883944631746e+02
3.960682324704402504e+02
3.753438351589705917e+02
3.380456404981355831e+02
3.031460469403568823e+02
2.893677446045053898e+02
2.824235837571969228e+02
2.793664845540773740e+02
2.797928817266856072e+02
3.201858758084945862e+02
3.432464037626197069e+02
3.447224011267221044e+02
3.329558664997762207e+02
3.170635038796548884e+02
3.025705265765282661e+02
2.825532630248609962e+02
2.652602238968302117e+02
2.598151002912766785e+02
2.761548426600633661e+02
2.866088437933948398e+02
2.887731196798305859e+02
2.857807504853518594e+02
2.797676964853272921e+02
2.721340021730035801e+02
2.477858067342538391e+02
2.606645106488473402e+02
2.649415129727653380e+02
1.002023270399326634e+03
9.356201719784139641e+02
9.096002940749203844e+02
8.503894119433520018e+02
1.003450904399661454e+03
1.018681138350059541e+03
9.010061478400674559e+02
9.817770799523902951e+02
9.867087841700292756e+02
9.741449241076411454e+02
9.725956827484428686e+02
9.537551067623711560e+02
9.535643806252370496e+02
9.599328773635094194e+02
9.553165703040776862e+02
9.278384796416673908e+02
9.225024607033742541e+02
9.297044532453480770e+02
9.221479436891272599e+02
8.987985531609778036e+02
8.901898968406673021e+02
8.827745166090003295e+02
8.723047607591641963e+02
8.904012643508876863e+02
8.621998443537844423e+02
7.775379392466453510e+02
8.083004100459695564e+02
8.303284846657884373e+02
8.182967383069054677e+02
8.407147483673639954e+02
1.209210943163471029e+03
1.147125256647001834e+03
1.345938094785053863e+03
1.506196376760083467e+03
1.334611473535416053e+03
1.105968022572458949e+03
1.126554245388282425e+03
1.159881627741193824e+03
1.149652291077919926e+03
1.134794401455405932e+03
1.121418783015210238e+03
1.116714047712590855e+03
1.103453439692038955e+03
1.078340144223766629e+03
1.054888013940200608e+03
1.035864123969114416e+03
1.016918217139012313e+03
9.951426984963186442e+02
9.701377329227665314e+02
9.370486029450364640e+02
9.189906507092175616e+02
9.211677072037449534e+02
8.698518078505809399e+02
7.163971548198445589e+02
6.835203044894478808e+02
8.323489807288518705e+02
9.005491008866667926e+02
1.435241884680114936e+03
1.514449379539014444e+03
1.455936911999979202e+03
1.262418841987832820e+03
1.048607466057300599e+03
1.011481319062575267e+03
1.011874810303085042e+03
1.017492054374280428e+03
1.007864283862739853e+03
9.949194184487753319e+02
9.854255393463826067e+02
9.637516911737192231e+02
9.390217206635817320e+02
9.108630420682646900e+02
8.831998415814507553e+02
8.583874865847476485e+02
8.337743246438406004e+02
8.093667630010058929e+02
7.923220519982810401e+02
7.747144636869626311e+02
7.065069695766196674e+02
5.923758790507932872e+02
5.178620293371182015e+02
5.810766581474259738e+02
1.296548351335240568e+03
1.205459461950126069e+03
1.037661976611577757e+03
8.667914793410577659e+02
8.262654312779478687e+02
8.041050732221300450e+02
7.952794377200746112e+02
7.961447167183019928e+02
7.855948271405524110e+02
7.725920426028267229e+02
7.530681096791080336e+02
7.312563731584021980e+02
7.054354528893823044e+02
6.819563174232201845e+02
6.635851520534132533e+02
6.485757554914794127e+02
6.337401240340579989e+02
6.076094603761698636e+02
5.496066582880570195e+02
4.628607716333162898e+02
4.028936502815113840e+02
9.546819744454089687e+02
8.213895560705713024e+02
6.903154508798346569e+02
6.501611224564481972e+02
6.279928552231940557e+02
6.113929130837938146e+02
6.038435836365215437e+02
5.986691826215570700e+02
5.886468498389608612e+02
5.742740009412735844e+02
5.570317360870960783e+02
5.413238526008309464e+02
5.305984447769101280e+02
5.189397167121436496e+02
5.015611248702167018e+02
4.798355837321115587e+02
4.347789976285267812e+02
3.688815707365819776e+02
6.578120548939160699e+02
5.537070774728740616e+02
5.166583689700149762e+02
4.950146551331379214e+02
4.789741697784180019e+02
4.663786427741229659e+02
4.583648206652156318e+02
4.560540636647755832e+02
4.485640936851821721e+02
4.422038987999284814e+02
4.350826155801589152e+02
4.236784852848992955e+02
4.096805492573200240e+02
3.916370830758641546e+02
3.572742142673133117e+02
4.592401471051811086e+02
4.243482106913586449e+02
4.033682402401894933e+02
3.871633465775718719e+02
3.756770008332634347e+02
3.692506313323798395e+02
3.693911742027129890e+02
3.710755195064589316e+02
3.659524349597052719e+02
3.571415309772864362e+02
3.466238480163810323e+02
3.331366654517986490e+02
3.645865902700138008e+02
3.432880787830436020e+02
3.292193737525373649e+02
3.222518964649639770e+02
3.183126652919842741e+02
3.153549804952645559e+02
3.128903340244689844e+02
3.102204731204190011e+02
3.030441666444315274e+02
3.107074075638817021e+02
2.990761898798638185e+02
2.897822186433058960e+02
2.830027988666704459e+02
2.786197647587595156e+02
2.740907576942271930e+02
2.787383308207611776e+02
2.675493933543170328e+02
2.596888795195949911e+02
8.661222644007141298e+02
9.506317353335318785e+02
9.716854064701129801e+02
1.042776838724882282e+03
9.706955124040417786e+02
9.831861297927965779e+02
1.080016012188120385e+03
1.020514066183696514e+03
1.012995904722364230e+03
1.007826084194625082e+03
9.913745588564202080e+02
9.877693844077098220e+02
9.775026476529266120e+02
9.694836377630927018e+02
9.572378568154488221e+02
9.494762310063704263e+02
9.362721634856617356e+02
9.246119422091694560e+02
9.124617039168844030e+02
8.986727442172468727e+02
8.806074146841381207e+02
8.675530142492700634e+02
8.577992954642091945e+02
8.232114678897338536e+02
8.076241532261009297e+02
8.314253659990781671e+02
7.885403432248408535e+02
7.691371912450782702e+02
7.908873588723083685e+02
7.781725915998671326e+02
9.402699542428108543e+02
1.129044897275138283e+03
1.211051940046845857e+03
1.046195825033470101e+03
1.047388033451587944e+03
1.235183515145074580e+03
1.173826138625294789e+03
1.083062981725218833e+03
1.064172979206078480e+03
1.046222950493731332e+03
1.037146456580531094e+03
1.018818861170170294e+03
9.995698088330149176e+02
9.839419052310139477e+02
9.706094694366661315e+02
9.512732983270607292e+02
9.291852876839022883e+02
9.088819692579410230e+02
8.836802603772250677e+02
8.602487371212797598e+02
8.401642324783790627e+02
8.002220733402785982e+02
7.371946630700344940e+02
7.570202461689917754e+02
8.235271708307926701e+02
7.583300020450847114e+02
6.833616992044343306e+02
7.016176184906582876e+02
1.030075604325766108e+03
1.113393517484951190e+03
9.634998708742880353e+02
9.709672666481636725e+02
1.158782722634678748e+03
1.156700835524826743e+03
1.066990167448128204e+03
9.780696148210184901e+02
9.531571830255371651e+02
9.406566304985042279e+02
9.167479538748150389e+02
8.971484035067068135e+02
8.768902778744704847e+02
8.619038514309507946e+02
8.414794845675069155e+02
8.186035734329078650e+02
7.939052070657118065e+02
7.663460803075372496e+02
7.417924659840620052e+02
7.060344675502915379e+02
6.525093673179464986e+02
6.172379795920966217e+02
6.740379880458208390e+02
7.305166765215936948e+02
6.689941647343172235e+02
5.585160289324198857e+02
8.683762602874152208e+02
7.954246888138254690e+02
8.253688008553233431e+02
1.005187553528254739e+03
1.008699408490558426e+03
9.747075647040139756e+02
8.949936547030185920e+02
8.177400415406045795e+02
7.973514804003939389e+02
7.741350876380054160e+02
7.530972492347996194e+02
7.326177973558878875e+02
7.167122022768320448e+02
6.995737456404774548e+02
6.772750317395348247e+02
6.560301113245651550e+02
6.300920073810453914e+02
5.952919886091540320e+02
5.523488646526874390e+02
5.207172466919579392e+02
5.215371034373656585e+02
5.764394029845889236e+02
6.194538286042555910e+02
5.553030942242899073e+02
5.874082706091504633e+02
6.555558993063615389e+02
8.297648963603762695e+02
8.468855767777295114e+02
8.241421301949372946e+02
7.917604451568462309e+02
7.258408048674328938e+02
6.672667446657667369e+02
6.412070129854996594e+02
6.205736722489442627e+02
6.009870855695234013e+02
5.867501925209928686e+02
5.696458070269319478e+02
5.518763922397621400e+02
5.340203829794774038e+02
5.037617920465748966e+02
4.655752760997374935e+02
4.379306774757968128e+02
4.325970043310628625e+02
4.403895982640241300e+02
4.889014443107658394e+02
5.186915530099530542e+02
4.759758384788019043e+02
6.536654956294711383e+02
6.939100270704385593e+02
6.864403022878000229e+02
6.649051525685687238e+02
6.376806056382681618e+02
5.905538004717968761e+02
5.383130625033588785e+02
5.158106319723356137e+02
4.980250231529478810e+02
4.840547975783536003e+02
4.691128670075335663e+02
4.522688480635472388e+02
4.317143399771556460e+02
4.008698049257773164e+02
3.754441204965748966e+02
3.668311196549050806e+02
3.678063711739284258e+02
3.771175212143517115e+02
4.173363460996750405e+02
4.798510482914923614e+02
5.521350638713873877e+02
5.663383498967010610e+02
5.580145562568815194e+02
5.421248600554448558e+02
5.244340302166399397e+02
4.829770060925821440e+02
4.418839557508450753e+02
4.223646177956034649e+02
4.095010514510098005e+02
3.949418888893675330e+02
3.744121932761676703e+02
3.511933580730542985e+02
3.303257297374758537e+02
3.204418514874171819e+02
3.177518893267996987e+02
3.209402580851890434e+02
3.292983582228711725e+02
4.175947988387271153e+02
4.599234444724247624e+02
4.695644288219953637e+02
4.647186626365405004e+02
4.563220800386810083e+02
4.382150034471036975e+02
4.049233244188508252e+02
3.716386246675665461e+02
3.566427950617264173e+02
3.384893861650330109e+02
3.152240916721495978e+02
2.976797347761303740e+02
2.876413363464075701e+02
2.830041207914665051e+02
2.831256367289840341e+02
2.871072935838993772e+02
3.618853703111980167e+02
3.928417146548271148e+02
4.018395910928804255e+02
4.022276149010373274e+02
3.919134151469264111e+02
3.756309411131808247e+02
3.478843632030166191e+02
3.185911000652192797e+02
2.958673731884792915e+02
2.762936602881743511e+02
2.668619676826610316e+02
2.602225714063877149e+02
2.570722725591605808e+02
2.582696707739185058e+02
3.224645688961400651e+02
3.474735941779553627e+02
3.579407034176869047e+02
3.547255069439235626e+02
3.439906608189614872e+02
3.259786401585465683e+02
2.981567308983142652e+02
2.694338833525212635e+02
2.549211436974801472e+02
2.478605798066016916e+02
2.424928588308249857e+02
2.397203272601430513e+02
2.966922929089697618e+02
3.187295242623276863e+02
3.231563550714935786e+02
3.153513941541842769e+02
2.994271833095952502e+02
2.828245766197924240e+02
2.627363323599373075e+02
2.436527844601212394e+02
2.363880296148624041e+02
2.312443698931197957e+02
2.806061245217752571e+02
2.919929374013930214e+02
2.880007703988357548e+02
2.777764615038766465e+02
2.695357041223935539e+02
2.586223798721666753e+02
2.429825134832585718e+02
2.307442989485775797e+02
2.588804128141215415e+02
2.632225360477067397e+02
2.620820386819947885e+02
2.589717966226151589e+02
2.520223067223165856e+02
2.425498955483280383e+02
2.415039441555405233e+02
2.477234095564136567e+02
2.494444278154271331e+02
2.458372004462201232e+02
2.325150033890355985e+02
2.394384613338707197e+02
