1.373759048359291910e+03
1.246427921034472320e+03
1.210473228189187694e+03
1.112929306082316771e+03
1.298119580798850620e+03
1.342024370839627181e+03
1.214797765721272071e+03
1.324157855247299494e+03
1.312460399834056943e+03
1.286832238944756455e+03
1.284453888244131576e+03
1.254213596871735717e+03
1.247365948652588031e+03
1.247568912242475335e+03
1.236371556906609840e+03
1.194608036350268776e+03
1.181600734533514697e+03
1.183403168625222406e+03
1.164832251645386577e+03
1.127973578063237028e+03
1.108138263277959368e+03
1.090110923081728060e+03
1.066733229581168189e+03
1.075569259418338106e+03
1.027053970420552332e+03
9.154894313040076668e+02
9.406957098875884640e+02
9.665082191806538958e+02
9.514841732300669719e+02
9.800139076480970743e+02
1.693763901208275911e+03
1.565311213346405111e+03
1.390862940827263856e+03
1.600360644769855753e+03
1.984626333460058959e+03
1.593738939077240275e+03
1.392022951460044624e+03
1.547248558536966584e+03
1.507995614657129408e+03
1.494833993541272548e+03
1.470554852679687656e+03
1.456372174091943180e+03
1.449916952614737511e+03
1.431133976239003914e+03
1.399931192589743205e+03
1.365905486357667769e+03
1.345858378539994419e+03
1.318844478495181647e+03
1.287363576702735827e+03
1.253525435844873300e+03
1.214729724746178590e+03
1.180397683274545898e+03
1.180545263654201790e+03
1.144869869690085352e+03
9.475500803381473816e+02
8.834784788548760162e+02
1.074526085293593724e+03
1.106758489724283663e+03
1.080578057804601031e+03
1.829774509744071111e+03
1.525755650303392486e+03
1.756242731031735048e+03
2.121283787886152822e+03
2.023140686485912738e+03
1.593470460411810336e+03
1.359658677067736789e+03
1.512039807122287129e+03
1.487065623575854261e+03
1.459407717737383791e+03
1.446031950856900949e+03
1.429587125865520647e+03
1.423804311536961677e+03
1.384696948482001289e+03
1.356189181924273953e+03
1.322590346280060203e+03
1.283407317824906841e+03
1.254277517765304992e+03
1.225697250591405691e+03
1.181554961768031035e+03
1.137027552740366673e+03
1.135210789789621003e+03
1.099969508389864586e+03
9.321310945182830210e+02
7.542056118999712453e+02
8.814068449640321887e+02
1.082647788963460243e+03
1.130476746736504083e+03
1.604564086169771826e+03
1.787674276767976153e+03
2.127553914069909752e+03
1.949435535628166917e+03
1.849464766614388509e+03
1.438574667492918252e+03
1.196504945911354298e+03
1.354039936485924045e+03
1.319003366403773725e+03
1.305567868980421963e+03
1.287038287165816655e+03
1.277829735798430193e+03
1.259145194659860408e+03
1.221739094585082739e+03
1.195858790127522070e+03
1.151049555213061922e+03
1.117335970911372215e+03
1.092750690593092031e+03
1.056997908259854512e+03
1.017284052463281910e+03
1.011502761278754633e+03
9.818067015231328014e+02
8.371248583025662811e+02
6.708761296574708695e+02
6.748163798713592314e+02
8.280472138468197727e+02
1.028042833035851345e+03
1.785542284964350756e+03
2.054409052917921144e+03
1.835902522003871582e+03
1.678876324969121697e+03
1.588552836984136775e+03
1.211241407553082581e+03
1.007234902196103690e+03
1.135776255294321800e+03
1.115688934843596371e+03
1.099831560720208927e+03
1.090033992636494304e+03
1.072058768120963578e+03
1.054727203381366735e+03
1.023785000794917323e+03
9.892881488166775625e+02
9.535132585420843725e+02
9.277130831963524997e+02
8.991838441695600750e+02
8.694668681772941454e+02
8.704261687843329582e+02
8.447997989318554346e+02
7.253473647168527805e+02
5.732816477692338140e+02
5.611732249330490276e+02
5.987688176636082744e+02
7.598082389824795655e+02
1.978197676000173942e+03
1.707128580651552511e+03
1.524335706104695191e+03
1.396470007894763057e+03
1.302789690460401289e+03
9.948724589867243822e+02
8.145328154130909297e+02
9.299009265323039699e+02
9.098829890859639136e+02
9.045205257476046654e+02
8.882008752411646810e+02
8.718527666041472912e+02
8.607838041265152924e+02
8.261394216627494416e+02
7.990789447783341757e+02
7.722851782034146026e+02
7.471240076067716700e+02
7.254439405119778712e+02
7.316703165904949628e+02
7.184276294595607624e+02
6.204102640788916005e+02
4.865811149115708076e+02
4.622203342934957959e+02
4.784759724344614824e+02
5.332989206475276660e+02
1.603804921561055835e+03
1.388807517890454619e+03
1.246176946795840195e+03
1.131115038426531555e+03
1.059000363803282653e+03
7.952659129692214037e+02
6.534245448340398070e+02
7.460777216175320063e+02
7.371122714619662020e+02
7.275110034498454752e+02
7.128623643634591645e+02
7.034683505434973085e+02
6.888260207752698534e+02
6.624797877965746693e+02
6.423234246054194045e+02
6.185935374632493904e+02
6.018164516864967482e+02
6.116901695058899122e+02
6.058339626247305887e+02
5.323816704740629575e+02
4.155407296549760758e+02
3.863090453812145029e+02
3.857053135015215730e+02
4.170516728617635636e+02
1.291422518166384179e+03
1.128765715317821559e+03
1.008346799716232567e+03
9.222858275802734624e+02
8.479573681696188032e+02
6.366029219023610040e+02
5.203590617635395574e+02
6.027634170675495398e+02
5.912999977616852902e+02
5.833862361330965314e+02
5.759563411482361062e+02
5.645380170389134946e+02
5.551383083343974931e+02
5.360572150157781834e+02
5.187893902474120296e+02
5.035939251273566697e+02
5.154543228307901472e+02
5.155974506524599974e+02
4.579012030580140618e+02
3.605027166590825800e+02
3.299972406933861748e+02
3.203978665119408902e+02
3.330932865148672022e+02
1.051828286518639970e+03
9.201969031445190694e+02
8.324444489685637336e+02
7.496846437562993515e+02
6.861050686656703874e+02
5.101416735340519608e+02
4.219112255353323917e+02
4.871225491157226202e+02
4.775004534326824910e+02
4.764282935861070882e+02
4.681160219777235625e+02
4.609884903577073487e+02
4.562671423114190361e+02
4.414628303336760951e+02
4.313729205389677190e+02
4.419162903247752752e+02
4.466970784853048144e+02
4.017512997380793536e+02
3.161600671931709599e+02
2.893183949879002625e+02
2.752827674027959688e+02
2.772260838216536172e+02
8.689830477705560270e+02
7.735208955140882381e+02
6.915436174457363450e+02
6.208711534552425064e+02
5.602938276404564704e+02
4.192791868931147405e+02
3.448650728144430104e+02
3.993355991963801443e+02
3.962371147096165487e+02
3.945990926356583373e+02
3.899199261108352630e+02
3.867786938194672075e+02
3.851795905985192121e+02
3.776625099261400464e+02
3.904219154450902352e+02
3.955172337399831690e+02
3.607846679280963258e+02
2.849812732446544032e+02
2.580748349589052282e+02
2.445085800128062772e+02
2.406315752991197030e+02
7.462365516584806073e+02
6.582553345893945789e+02
5.883098222070603924e+02
5.225345681851416657e+02
4.720943502703644299e+02
3.489946324621012650e+02
2.874576389281309616e+02
3.385934092509970696e+02
3.351774700832369831e+02
3.361941366200538823e+02
3.351102546702175573e+02
3.351867545650703164e+02
3.393695057305633327e+02
3.535039754573742243e+02
3.617280751679966215e+02
3.311881253866552015e+02
2.635274547642557650e+02
2.377836015925380764e+02
2.218121074226689302e+02
2.168093739081178342e+02
6.507210312020736183e+02
5.747097095133962057e+02
5.103862077777126274e+02
4.552965513759081091e+02
4.038341744784427760e+02
2.969190525097205864e+02
2.487770482505536904e+02
2.933406009238325396e+02
2.919276754165653642e+02
2.958413640767992092e+02
2.981384911638514836e+02
3.035073335420216267e+02
3.275189715015608272e+02
3.385879089578169214e+02
3.135713520142905395e+02
2.486266486531220039e+02
2.248254891573369889e+02
2.083687778137598059e+02
1.997917668014803212e+02
5.818265755771952854e+02
5.119848669869681430e+02
4.583615887929321957e+02
4.024723347950840093e+02
3.530737839192534011e+02
2.625775425183057905e+02
2.200023846915499632e+02
2.612972109054973657e+02
2.623297735666766926e+02
2.693744001124473471e+02
2.767016499123333233e+02
3.005633730666578458e+02
3.224600723167912406e+02
3.026189766018155183e+02
2.412922172635098548e+02
2.162893267327850708e+02
2.005994772693297534e+02
1.907405254787945523e+02
5.301449419840087103e+02
4.710785722611667552e+02
4.162945586425971669e+02
3.625925126924693132e+02
3.204820195551056372e+02
2.368829266569928791e+02
1.995075294097932215e+02
2.395101620670160401e+02
2.434823067317865650e+02
2.550674237316627284e+02
2.799755851762300836e+02
3.024271925607985736e+02
2.951914200368699426e+02
2.377224225656915451e+02
2.134278866184329786e+02
1.958486641756743722e+02
1.861805400968941342e+02
4.972800333346784214e+02
4.365917055507937334e+02
3.837093068959012498e+02
3.379545784161414304e+02
2.956241817022210512e+02
2.184143895092255150e+02
1.856158699117254116e+02
2.261495045032490907e+02
2.342021278425232822e+02
2.623646574364094590e+02
2.866155861224219734e+02
2.819968799552452765e+02
2.354966693086133773e+02
2.130528379881073420e+02
1.955626651377578753e+02
1.836739387407255037e+02
4.679650980151168937e+02
4.089597765060175902e+02
3.644375890825311899e+02
3.184127253241122162e+02
2.773867216675436111e+02
2.059765261378906587e+02
1.774402119316807216e+02
2.205124642165477269e+02
2.439349634700928391e+02
2.720328042076579891e+02
2.711222966923220383e+02
2.275660833132226912e+02
2.130199596934212991e+02
1.969520238662725831e+02
1.848403564223279432e+02
4.434963297626960639e+02
3.933693710688215788e+02
3.482547114451151060e+02
3.035379867215079344e+02
2.651808848720085052e+02
1.991213354585679269e+02
1.746660966575424823e+02
2.321328319692008506e+02
2.553856103528181336e+02
2.600837919581441042e+02
2.207179832257287160e+02
2.072006013668982973e+02
1.980607240582224904e+02
1.871470224272156599e+02
4.303878318416611251e+02
3.793239973169389714e+02
3.353235404525322565e+02
2.936538185854882954e+02
2.591565742980684490e+02
1.977465396373338820e+02
1.852271574410208927e+02
2.450869960520991526e+02
2.462536572970759323e+02
2.130897875739278504e+02
2.019287228009085879e+02
1.933744471422221807e+02
1.887633035508925730e+02
4.175654105914974821e+02
3.674863937141734596e+02
3.267391588172091588e+02
2.896507917954142499e+02
2.595281488038647808e+02
2.112036395544427876e+02
1.967162627837672915e+02
2.381451071331596268e+02
2.028221319087504924e+02
1.955915717772701043e+02
1.889301287009118653e+02
1.845833224740892149e+02
4.061548399233913642e+02
3.596069775226516754e+02
3.240350666333051208e+02
2.921059827696974480e+02
2.790251637327763774e+02
2.376439139352286247e+02
1.922569437160459813e+02
1.971439994822341646e+02
1.866747692886183358e+02
1.832787647098789705e+02
1.804732279183777734e+02
3.985323229640439422e+02
3.577732557124632535e+02
3.280938917153963530e+02
3.157907412177846709e+02
3.134117223738433609e+02
2.539543526500423241e+02
1.597829308368318948e+02
1.819463214830700792e+02
1.751409624352408798e+02
1.750905768015758213e+02
3.973325658802323233e+02
3.631157776694527115e+02
3.557939116532598973e+02
3.540694164558308898e+02
3.330294912018416085e+02
2.078870272308770950e+02
1.477792139961506734e+02
1.709542692663699199e+02
1.673208429181601673e+02
4.039215327511093960e+02
3.945138007561020004e+02
3.976736921612171614e+02
3.742841893835019391e+02
2.750645367960877365e+02
1.894851982404903765e+02
1.389962103815051080e+02
1.633761047822833348e+02
4.394511843041232737e+02
4.394054452078675013e+02
4.179340886309914254e+02
3.114925433387510338e+02
2.523857295549716468e+02
1.757789587272811787e+02
1.328466519878306258e+02
4.878181807214233459e+02
4.591541773300415343e+02
3.498401927430807632e+02
2.874100943912391131e+02
2.353370552880263915e+02
1.657823398712423568e+02
5.070923541511119765e+02
3.861841346853281607e+02
3.241347023396445479e+02
2.691506761998633124e+02
2.228007612130238613e+02
4.283180294276579048e+02
3.590237613680017148e+02
3.045042511684121109e+02
2.556171360018656742e+02
3.993758845046257875e+02
3.381493785562847734e+02
2.898470369012121637e+02
3.770009125707370572e+02
3.224546444457690200e+02
3.600658094709135639e+02
1.091488965132568865e+03
1.245349830979539547e+03
1.267016492215907874e+03
1.366200592240814103e+03
1.264185723225204129e+03
1.290412482212086161e+03
1.433861428611043948e+03
1.338300256637257917e+03
1.327516477846724229e+03
1.316055157130515681e+03
1.288398385538748926e+03
1.280561607543392256e+03
1.261615893464737837e+03
1.248224249174513488e+03
1.226798740706959052e+03
1.212266273126124588e+03
1.189884981231388338e+03
1.169514614442279935e+03
1.148341095729886320e+03
1.124142754634461880e+03
1.095277338915123664e+03
1.070700561014997902e+03
1.050303920983462149e+03
9.997323020158391955e+02
9.708840643012259761e+02
9.874195975024534846e+02
9.337686128155871756e+02
9.045877408448330925e+02
9.229291544747026137e+02
8.998471667615027627e+02
1.214882155278086657e+03
1.491641284865861735e+03
1.384994060979601500e+03
1.270545875756900614e+03
1.428751931803487651e+03
1.555882603767519413e+03
1.422767969823546537e+03
1.308165783362772572e+03
1.287158205389089062e+03
1.264129737710465861e+03
1.241865178570205217e+03
1.214745765942164326e+03
1.191127317609272950e+03
1.171856640242713638e+03
1.149347010489247168e+03
1.121708825860099751e+03
1.091630828654821698e+03
1.060002780448569183e+03
1.027782555337358644e+03
9.976594185479536918e+02
9.490915888797408115e+02
8.756848069745321936e+02
8.673675311775417640e+02
9.415648405718234244e+02
9.389166485539908535e+02
8.305871906878285245e+02
7.412741201701805949e+02
9.670359999976029712e+02
1.026181986578847500e+03
1.086648917438761828e+03
1.201156865327089918e+03
1.283306546503557684e+03
1.237607624545079716e+03
1.126830363807799358e+03
1.033970101273339424e+03
1.004524690953560935e+03
9.785331735061821519e+02
9.516702908010989859e+02
9.287975843948305510e+02
9.088292932261061878e+02
8.905062649275901094e+02
8.642299284075678543e+02
8.369203404568718270e+02
8.083013652254566068e+02
7.651376216479251298e+02
7.130365050052605511e+02
6.782795894344238832e+02
7.040556963871207472e+02
7.534466638228002466e+02
7.703908217959245803e+02
7.006944479853528946e+02
6.804858400674839913e+02
8.004938521284759645e+02
9.103221008637758587e+02
9.824561215240490810e+02
9.522957715811098751e+02
9.146116813919812785e+02
8.304238039670738090e+02
7.562599836478252655e+02
7.303534439606675051e+02
7.064304935061024935e+02
6.876840195345655502e+02
6.689180345667895153e+02
6.512060037019533638e+02
6.313484529702346890e+02
5.997316801373214048e+02
5.602806233741044935e+02
5.294795575331507962e+02
5.267253146727298372e+02
5.506266184572568818e+02
5.842066412918245533e+02
5.873817461555166801e+02
5.220485795166644039e+02
6.507236105427455186e+02
7.275798590436576205e+02
7.216064907193070894e+02
6.979527241505461461e+02
6.674378856226176140e+02
6.063434465474505259e+02
5.538884874432189918e+02
5.327874288568159500e+02
5.142680228535691640e+02
4.972831070548705839e+02
4.742800667124558913e+02
4.451239900213631699e+02
4.227331371064057635e+02
4.165615402555698097e+02
4.182410573607129436e+02
4.347314447782359821e+02
4.535024826137504874e+02
4.323343827649715649e+02
5.280956113332915720e+02
5.469674593173555195e+02
5.419753273154108228e+02
5.248376451464880574e+02
5.020804982610183629e+02
4.597433944970104562e+02
4.195605175781975049e+02
3.966842834672395384e+02
3.709373540392675750e+02
3.508184106596747256e+02
3.419048097154370112e+02
3.398046223275348439e+02
3.437120203789333459e+02
3.540719688200053952e+02
3.687093258006885890e+02
4.165659042256245925e+02
4.301282026388728355e+02
4.268644036329286564e+02
4.134892148856835661e+02
3.916312534904859035e+02
3.513663258438882622e+02
3.156897749592877176e+02
3.024725507084023661e+02
2.949259408395163859e+02
2.921331202501643247e+02
2.927373789008313452e+02
3.135402677766500688e+02
3.462032491275467692e+02
3.523306407801646856e+02
3.426395053639054140e+02
3.268429540231264809e+02
3.116373361865074116e+02
2.896888315169533143e+02
2.715771215019624378e+02
2.661174507148572843e+02
2.705416589477503635e+02
2.883021756109869784e+02
2.937150245629075016e+02
2.917713179085430397e+02
2.849634403343044937e+02
2.763966549546918259e+02
2.440798636791907654e+02
2.611686332398172681e+02
2.674087703474553450e+02
1.373759048359291910e+03
1.246427921034472320e+03
1.210473228189187694e+03
1.112929306082316771e+03
1.298119580798850620e+03
1.342024370839627181e+03
1.214797765721272071e+03
1.324157855247299494e+03
1.312460399834056943e+03
1.286832238944756455e+03
1.284453888244131576e+03
1.254213596871735717e+03
1.247365948652588031e+03
1.247568912242475335e+03
1.236371556906609840e+03
1.194608036350268776e+03
1.181600734533514697e+03
1.183403168625222406e+03
1.164832251645386577e+03
1.127973578063237028e+03
1.108138263277959368e+03
1.090110923081728060e+03
1.066733229581168189e+03
1.075569259418338106e+03
1.027053970420552332e+03
9.154894313040076668e+02
9.406957098875884640e+02
9.665082191806538958e+02
9.514841732300669719e+02
9.800139076480970743e+02
1.614221405186022594e+03
1.526064808953718511e+03
1.797473766764492439e+03
2.015849049074997083e+03
1.712677686593179715e+03
1.428481389908299434e+03
1.467614493032159999e+03
1.489222984365279899e+03
1.468612096521491367e+03
1.446922157961273570e+03
1.432013803329433358e+03
1.423420140760384356e+03
1.403181819832186420e+03
1.370316813356684861e+03
1.338294632306598942e+03
1.309233776183912596e+03
1.278692836643712099e+03
1.248951859713872864e+03
1.213913125579821326e+03
1.172809815991885444e+03
1.145796885603145938e+03
1.136238700888791982e+03
1.061860976690141797e+03
8.762892358458092303e+02
8.355531665491672584e+02
1.010841948872066041e+03
1.099280981139842652e+03
1.858955371060591688e+03
1.946260657299957757e+03
1.815554755440927920e+03
1.543811314355748891e+03
1.291129846083643997e+03
1.251891541182918672e+03
1.243181794814432806e+03
1.243967530261468482e+03
1.229559580605374322e+03
1.215221360343493416e+03
1.203162994988195351e+03
1.175534389836407854e+03
1.147422691321351067e+03
1.113817711778629928e+03
1.078444526555977063e+03
1.049606722164816802e+03
1.021669432932252789e+03
9.917213162493133041e+02
9.677083627163032133e+02
9.423955209323352165e+02
8.575019075850930221e+02
7.257167478477019813e+02
6.410114432991914555e+02
7.206560913684320440e+02
1.556316980610267592e+03
1.432988454552000803e+03
1.216539677126041852e+03
1.015542180611285744e+03
9.757086887770950625e+02
9.426722169546385430e+02
9.321796343286388264e+02
9.298324274106117855e+02
9.188620041160298797e+02
9.045172093013364929e+02
8.825883475148635853e+02
8.597021586671011164e+02
8.303188948541467198e+02
8.042933706724023750e+02
7.850452554432686156e+02
7.682300348131333294e+02
7.497399352295282142e+02
7.184946829351765700e+02
6.519277149521454930e+02
5.564393144616108202e+02
4.925967633655093323e+02
1.088129262436996896e+03
9.205574482624967914e+02
7.721847707361192761e+02
7.304137409831174637e+02
7.025232812247581933e+02
6.839247573738524579e+02
6.756493684240358562e+02
6.706760531187098877e+02
6.607071471418495321e+02
6.460538313840478395e+02
6.280859012196796130e+02
6.116518328844053940e+02
5.998840876591785900e+02
5.878248491097177748e+02
5.698239034102095957e+02
5.463658445836880446e+02
4.969887012538575277e+02
4.280797672486945658e+02
7.087252454693606296e+02
5.932324748967513415e+02
5.555437246953214299e+02
5.289495738772632194e+02
5.128504424356952995e+02
4.999490224478024061e+02
4.933176959510713573e+02
4.919238254187770281e+02
4.838304405508812920e+02
4.778203637906871677e+02
4.709887317178103103e+02
4.598781957676673073e+02
4.462183464499896672e+02
4.280998820200188675e+02
3.922571062511010496e+02
4.770080891707510204e+02
4.408567963510947720e+02
4.163750123989832446e+02
3.995822902664346543e+02
3.886528289040043660e+02
3.835717979411801934e+02
3.843064358455524712e+02
3.862044899841146730e+02
3.820618141258933633e+02
3.746847214646232942e+02
3.650767891488250143e+02
3.519973362501216911e+02
3.715977186942992034e+02
3.470067389337331178e+02
3.323415936989183592e+02
3.252019697206291085e+02
3.220750198182695954e+02
3.203650606741463207e+02
3.191037871251482443e+02
3.177441119902281912e+02
3.116915695750041664e+02
3.120559255940527805e+02
2.995323373829462525e+02
2.900551058536964888e+02
2.839972971578899887e+02
2.807523755063060094e+02
2.771534104964219409e+02
2.811659231144081446e+02
2.695891689598569769e+02
2.619078533568992384e+02
1.091488965132568865e+03
1.245349830979539547e+03
1.267016492215907874e+03
1.366200592240814103e+03
1.264185723225204129e+03
1.290412482212086161e+03
1.433861428611043948e+03
1.338300256637257917e+03
1.327516477846724229e+03
1.316055157130515681e+03
1.288398385538748926e+03
1.280561607543392256e+03
1.261615893464737837e+03
1.248224249174513488e+03
1.226798740706959052e+03
1.212266273126124588e+03
1.189884981231388338e+03
1.169514614442279935e+03
1.148341095729886320e+03
1.124142754634461880e+03
1.095277338915123664e+03
1.070700561014997902e+03
1.050303920983462149e+03
9.997323020158391955e+02
9.708840643012259761e+02
9.874195975024534846e+02
9.337686128155871756e+02
9.045877408448330925e+02
9.229291544747026137e+02
8.998471667615027627e+02
1.151814054843657914e+03
1.441667111030207025e+03
1.584154217421866861e+03
1.341434210746979034e+03
1.360523367690063424e+03
1.629539383154646657e+03
1.487623799635558271e+03
1.371536680282132465e+03
1.351234972360230586e+03
1.324141654579447277e+03
1.309855836186812439e+03
1.283060994407930593e+03
1.260934369637890768e+03
1.238218844726030738e+03
1.218825825019388503e+03
1.191642087766543000e+03
1.162109061228692099e+03
1.133642761451894557e+03
1.099454488967204725e+03
1.067743365564842861e+03
1.037226831215298262e+03
9.852298143208192869e+02
9.073855646750220103e+02
9.250571577544561706e+02
9.944597241916304711e+02
9.203136493363006139e+02
8.239629851923957631e+02
8.222559912866674949e+02
1.243999552818690290e+03
1.382369311362713916e+03
1.190499619716905045e+03
1.225087047791124178e+03
1.483129931439777465e+03
1.427972678015521524e+03
1.299636807323122639e+03
1.193565153863574551e+03
1.166096616300064625e+03
1.147333093486131247e+03
1.115276905441890221e+03
1.093716694891230645e+03
1.068526418714694955e+03
1.049155456035618499e+03
1.023895981588093150e+03
9.975829436749942261e+02
9.675931301284058463e+02
9.321201421549657198e+02
9.016057029195344512e+02
8.574175273516893867e+02
7.950903877782300242e+02
7.535027723580676593e+02
8.183575558796540008e+02
8.775562041866327263e+02
8.115377317435522855e+02
6.674489374746848398e+02
1.008035312011402993e+03
9.420154871293726728e+02
1.004442828165203650e+03
1.249510970910969036e+03
1.204158230196886052e+03
1.157002079826772615e+03
1.054042859654406357e+03
9.629510669553104663e+02
9.419312214557023708e+02
9.107591253663009638e+02
8.887871132800208898e+02
8.634847757035985296e+02
8.461883665086867268e+02
8.268351107791804679e+02
8.020093445806812724e+02
7.779393519953497389e+02
7.467213950633877175e+02
7.061799662394548704e+02
6.583150857685837991e+02
6.244805877264924447e+02
6.270541965475563302e+02
6.892444645516011406e+02
7.335453226568635046e+02
6.616026293724931975e+02
6.476777396722073945e+02
7.634455209418399591e+02
9.945457035679950195e+02
9.795590179204640435e+02
9.461688988523824264e+02
9.088858861210846953e+02
8.258424295333998089e+02
7.596001461651947011e+02
7.309526698543280645e+02
7.078236204727083987e+02
6.857051986423962262e+02
6.704909622181262421e+02
6.522786935930690788e+02
6.333297298118760636e+02
6.136231572198696540e+02
5.794437176320976732e+02
5.382687261658198850e+02
5.091309642580085324e+02
5.064617255119187575e+02
5.173285245284256462e+02
5.713507137376114997e+02
5.967760144352904490e+02
5.143207487050366353e+02
7.475608039495690491e+02
7.718026649616476789e+02
7.634469396440310902e+02
7.388743392441000424e+02
7.073302567481210872e+02
6.510473340724572608e+02
5.914212419349840957e+02
5.699575654299826510e+02
5.493182798873856427e+02
5.351379240935035568e+02
5.189415909280679671e+02
5.018227879699289815e+02
4.802301826880609497e+02
4.473151827467028170e+02
4.214433578144693797e+02
4.141843120822164792e+02
4.175222148790194296e+02
4.296014881732291428e+02
4.717489535965240748e+02
5.073517210076389574e+02
5.850744581323556304e+02
6.067714961640587035e+02
6.019478079235515224e+02
5.836320812767803545e+02
5.647685469967664176e+02
5.151160236954749507e+02
4.717800586398257110e+02
4.520629711795649541e+02
4.382431210186736052e+02
4.229813036515565727e+02
4.018431776244826779e+02
3.792808077221405370e+02
3.582904680754961078e+02
3.490162782150623570e+02
3.472855196514145746e+02
3.523319291391892421e+02
3.618488313338285138e+02
4.113761635067357929e+02
4.718386367797439220e+02
4.902471651278478362e+02
4.875862238935280288e+02
4.792820906038432440e+02
4.582834642714418578e+02
4.214673408518755764e+02
3.862707512714551399e+02
3.721798788243136187e+02
3.525186322294692332e+02
3.298451144905376395e+02
3.134073482465677216e+02
3.040006485694980256e+02
2.996861149049251480e+02
2.999875621047779646e+02
3.046731623041462740e+02
3.501092461847884465e+02
3.957090314899444934e+02
4.107863266853431128e+02
4.145042505259148129e+02
4.021904386080487370e+02
3.852948222541814971e+02
3.548441709388933987e+02
3.254476192826489864e+02
3.033763553872737475e+02
2.838528908906317270e+02
2.755109639565290536e+02
2.688305551074941491e+02
2.656355404297105451e+02
2.664222497813718178e+02
3.108890615932158994e+02
3.460816372325610928e+02
3.623485433390829371e+02
3.596118711046606791e+02
3.485690088533893913e+02
3.298155686330147205e+02
3.019334845811450236e+02
2.732054995447371653e+02
2.592832884655178987e+02
2.521261998679113674e+02
2.463936297225720864e+02
2.429026771637335003e+02
2.870695633373945839e+02
3.173789148235208586e+02
3.241170527746459129e+02
3.176927523592846683e+02
3.020340493639435522e+02
2.862482748831267827e+02
2.650421967094720799e+02
2.456986948877454040e+02
2.388034611700702214e+02
2.324420641502773037e+02
2.745814908810931456e+02
2.901594792102155225e+02
2.892667457924269456e+02
2.803381723415089368e+02
2.726344771528959541e+02
2.608044219101228123e+02
2.441962899035732164e+02
2.319889636106167643e+02
2.551989185302275303e+02
2.633669712456447769e+02
2.639375920410550975e+02
2.620196206034588045e+02
2.542815935392086431e+02
2.441515907373797916e+02
2.399607811692774817e+02
2.484017926193633627e+02
2.519838855092002348e+02
2.484569892223742897e+02
2.317732924825997998e+02
2.411915438704178598e+02
