1.005817377000702436e+03
9.398980835538264955e+02
9.155423434506461717e+02
8.564770841398859602e+02
1.011490473840716504e+03
1.026958043813023551e+03
9.096339490366343625e+02
9.980691854078165761e+02
9.995430863897679501e+02
9.846737935136459328e+02
9.834466262419266513e+02
9.628320762238924999e+02
9.624609145903928038e+02
9.681610686006657716e+02
9.628317703767605735e+02
9.346889349482783018e+02
9.304938653834651632e+02
9.372685961022733636e+02
9.306061723777191901e+02
9.072933125821660951e+02
8.982651284722012406e+02
8.893964142649481346e+02
8.784842232370350530e+02
8.968274435074274606e+02
8.691595975201731790e+02
7.836163733651912935e+02
8.142722295046434056e+02
8.352480924006753185e+02
8.228643179509157335e+02
8.425675194334996831e+02
1.248968536204718703e+03
1.155267327117301647e+03
1.036593005692952602e+03
1.202397081884800855e+03
1.448387987513336157e+03
1.225494697644395046e+03
1.047058725265198746e+03
1.158090690830340463e+03
1.154875708785726374e+03
1.140615480015191906e+03
1.127186390528844640e+03
1.113172178417657733e+03
1.113993710842659993e+03
1.102530871820620405e+03
1.080835213032402407e+03
1.058709485045861811e+03
1.046214181189315923e+03
1.032313745615288099e+03
1.010971073747754645e+03
9.894153615503935271e+02
9.611501192569855903e+02
9.381374196408982016e+02
9.479825803834239650e+02
9.338254425449035807e+02
7.740345301564675538e+02
7.254663385935601809e+02
8.892852786951357302e+02
9.080176119351460784e+02
8.798758139947136669e+02
1.354160698752727285e+03
1.143677200213579681e+03
1.311546198774316053e+03
1.564558468520344832e+03
1.550069316849613642e+03
1.254426236119840723e+03
1.042648750391698741e+03
1.160401690215034478e+03
1.162877489272454568e+03
1.141538897965727983e+03
1.130527977561207308e+03
1.116068744687718663e+03
1.114005884271247396e+03
1.086823215803647372e+03
1.063575229197001590e+03
1.038073953603302243e+03
1.012075617111175120e+03
9.915562512292041220e+02
9.696167621267458117e+02
9.358443114191358063e+02
9.018391426803516424e+02
9.062016326563832536e+02
8.911199687703796144e+02
7.528188419485860550e+02
6.046886203886751900e+02
7.088630321696792862e+02
8.766839625974738510e+02
8.977065389151139243e+02
1.221065344502351536e+03
1.355240678856375780e+03
1.584987057588976768e+03
1.541576090929843531e+03
1.467809308503049351e+03
1.162930160583434827e+03
9.507979741476033269e+02
1.069639529119494455e+03
1.068155938364260692e+03
1.051363338589780369e+03
1.038566525404593904e+03
1.027044424326480339e+03
1.014639903200195590e+03
9.854171986724985572e+02
9.606229879853178772e+02
9.274186096176464389e+02
9.008482228319237493e+02
8.813687773163558177e+02
8.500296420959558645e+02
8.189691217674501331e+02
8.184572839901585439e+02
8.036281962053220695e+02
6.812439332874538422e+02
5.383243524743968464e+02
5.362687107351116538e+02
6.612033177767920051e+02
8.209238990821946800e+02
1.381254693624156744e+03
1.565658817517906527e+03
1.478660115475350267e+03
1.384213931357206093e+03
1.301466052106710094e+03
1.017272386277376995e+03
8.284681357542878004e+02
9.327123876398844686e+02
9.346198627551988238e+02
9.184471669185736573e+02
9.100511443574184796e+02
8.922436807532648118e+02
8.779286396726455450e+02
8.511837122285381838e+02
8.209303060669645902e+02
7.907982608759195955e+02
7.685085155951726392e+02
7.430093553055885423e+02
7.164153658343828965e+02
7.214333354482239429e+02
7.080801588166660849e+02
6.018753638298655915e+02
4.674250758389202360e+02
4.498562322582735646e+02
4.767238160710386978e+02
6.049792576710411822e+02
1.545220915049983205e+03
1.411774881221401984e+03
1.281872816822195091e+03
1.191699790858911456e+03
1.110825996020323601e+03
8.654883198584594766e+02
6.984663263831544100e+02
7.909412244794017397e+02
7.922071990798294792e+02
7.828358318112342431e+02
7.693155958977048385e+02
7.512447103432431277e+02
7.403344797375705184e+02
7.117445921256919519e+02
6.848886557827493107e+02
6.606940849154923399e+02
6.367987538889891539e+02
6.171238463303711796e+02
6.240760114042890336e+02
6.205023874670278019e+02
5.301265021275439722e+02
4.068086333175899085e+02
3.787269240936039978e+02
3.867773234438423060e+02
4.265576643433742561e+02
1.361425012886930290e+03
1.198212192769799913e+03
1.083771897817667195e+03
1.003998541500023066e+03
9.351438355847986941e+02
7.207680155470368391e+02
5.808215554136476158e+02
6.592699081368939460e+02
6.652318689214266669e+02
6.529613651682824411e+02
6.389705469368252579e+02
6.264406776636709537e+02
6.138582150069130421e+02
5.899378267608771012e+02
5.685978022596552819e+02
5.454561030522160081e+02
5.290147804387315773e+02
5.400106406153942089e+02
5.400543070369154748e+02
4.698339014082887957e+02
3.588290060337760110e+02
3.257975695540509946e+02
3.202095013180581873e+02
3.404814452640606532e+02
1.141340813461390781e+03
1.004608177310083988e+03
9.089117965397974785e+02
8.454690123318085853e+02
7.785546408395432536e+02
5.968386526572043067e+02
4.801400384829354948e+02
5.508294204374085439e+02
5.525515273587679985e+02
5.406256660707398396e+02
5.322526608849294689e+02
5.198343960955005514e+02
5.102570592111239307e+02
4.923118564261587835e+02
4.728559206222162175e+02
4.576163098796595250e+02
4.699521879749021309e+02
4.756485256045747860e+02
4.168760693760447680e+02
3.215984296366825674e+02
2.878567154667402406e+02
2.745081646823717847e+02
2.802451128734859935e+02
9.556906527842751302e+02
8.447080894841068357e+02
7.707177212827853054e+02
7.110355230511954687e+02
6.492660724810526744e+02
4.947839407050971658e+02
4.015795965517765467e+02
4.591677156823723180e+02
4.592837991735853507e+02
4.534031799038857571e+02
4.453228445728998395e+02
4.361462201864216013e+02
4.307714567636188008e+02
4.158887604560013074e+02
4.037605486285630150e+02
4.152503662250247771e+02
4.242614509335347748e+02
3.772169017937441708e+02
2.903973688051221984e+02
2.604690013469027576e+02
2.440059080442443644e+02
2.409710494822864462e+02
8.100493154540645264e+02
7.247908620283681103e+02
6.577497505067643715e+02
6.028939504534230309e+02
5.456368088281952851e+02
4.174700431046857716e+02
3.373052686196506897e+02
3.854654608823660737e+02
3.896991050086597852e+02
3.844911291800967774e+02
3.789457910603900359e+02
3.739379199620528880e+02
3.708619470864148866e+02
3.632342039825842903e+02
3.758543047481251165e+02
3.852312249383134599e+02
3.467681975234991114e+02
2.688630749909594329e+02
2.386000343723792128e+02
2.232548995904521405e+02
2.161089398172439644e+02
7.058592349219376274e+02
6.292309053936452301e+02
5.684395420388580078e+02
5.180273355315168828e+02
4.689242965957549814e+02
3.550970227120218965e+02
2.865887623785101823e+02
3.322255639130925147e+02
3.357927158672839596e+02
3.327244867050297330e+02
3.307127895263214441e+02
3.284659226725549956e+02
3.313133494933318843e+02
3.473513639089442790e+02
3.586470202787797916e+02
3.243040496245122313e+02
2.531732972594573425e+02
2.248976017875713467e+02
2.073423154332694764e+02
1.999710462833639326e+02
6.243221522446874587e+02
5.543768368544566556e+02
4.994840197155680812e+02
4.565453687258761306e+02
4.071814175571950614e+02
3.061629052220347944e+02
2.509149023220400920e+02
2.914397461801715963e+02
2.956375160929696904e+02
2.956977412772420735e+02
2.963542954340024949e+02
2.997343417390580953e+02
3.245204049637233084e+02
3.403879391521116986e+02
3.104382137888715647e+02
2.420958711934613348e+02
2.155837915611354276e+02
1.984765461663695021e+02
1.879617877099664156e+02
5.606304266392539830e+02
4.972656610951738116e+02
4.504926527398904454e+02
4.066231871348589948e+02
3.585508660267051368e+02
2.724208875952646167e+02
2.237083720137813430e+02
2.611081081639605941e+02
2.672480509400755295e+02
2.699198336410463526e+02
2.756793375498490946e+02
2.997494547903930311e+02
3.250801255474642062e+02
3.019299353793183514e+02
2.364143052549625565e+02
2.094070677536698781e+02
1.929929329594126557e+02
1.821414131485222185e+02
5.124897118464074310e+02
4.574113751183261911e+02
4.099973384792342586e+02
3.667306532819234803e+02
3.257994621696820445e+02
2.466383201526131188e+02
2.033949539280333454e+02
2.398566140814788241e+02
2.479348698106929874e+02
2.552840783528993427e+02
2.805817301137453796e+02
3.057176687303419271e+02
2.939864738435339859e+02
2.338347992205856940e+02
2.072570812823922779e+02
1.896855713685631315e+02
1.789709554510377529e+02
4.795202534677140989e+02
4.235838045137516588e+02
3.769039047973076890e+02
3.407058329772480647e+02
3.004705228702741238e+02
2.272438434975386770e+02
1.892494484698267172e+02
2.257778334567987883e+02
2.377661090491238838e+02
2.635947890931946063e+02
2.903806300810346670e+02
2.807956494639194034e+02
2.306169980406149591e+02
2.072246093111600942e+02
1.895459772905008151e+02
1.773154411764997178e+02
4.504796385855449330e+02
3.951209053761772907e+02
3.560624632606464957e+02
3.200684208604697574e+02
2.810774792740582484e+02
2.138342141588209984e+02
1.801354259508558187e+02
2.191374067921962023e+02
2.484067555656230297e+02
2.759993819918319105e+02
2.700493098818732847e+02
2.224834611347321243e+02
2.059770020312719794e+02
1.909087329592986464e+02
1.782600290658447477e+02
4.251384090406965583e+02
3.778750911083825486e+02
3.389291718748477820e+02
3.037782324146992892e+02
2.677800737584264539e+02
2.055135666066665010e+02
1.764104962234362972e+02
2.312465244122236072e+02
2.625747599272117441e+02
2.592467286581140797e+02
2.156704772702393313e+02
1.998911321321132277e+02
1.906970909557784637e+02
1.803026873783382484e+02
4.104705170841345421e+02
3.630410890484656079e+02
3.248654625515028442e+02
2.927258841271079746e+02
2.600133023009796602e+02
2.028547002557050121e+02
1.875331466244094827e+02
2.464332348664557344e+02
2.487039943633385519e+02
2.083583236738840583e+02
1.946490075688244303e+02
1.857114638851781763e+02
1.805408185707968016e+02
3.971264932498128246e+02
3.503196012428998074e+02
3.153943126631530731e+02
2.868748115271119445e+02
2.587507580225599213e+02
2.170653728056886678e+02
2.010531751195157710e+02
2.351375635015639034e+02
2.009783033785690805e+02
1.887166548349612754e+02
1.812987376343569110e+02
1.760731811635815802e+02
3.851212376454218429e+02
3.418036052808196246e+02
3.109252007630233265e+02
2.875572913615316679e+02
2.787509862522118169e+02
2.464321157495843124e+02
1.929353322436055578e+02
1.909671733057731444e+02
1.825943798288021753e+02
1.761045706140176321e+02
1.720278418560540388e+02
3.771436425414191831e+02
3.382887811192652521e+02
3.130871973669625845e+02
3.116323906731818738e+02
3.159403822201198864e+02
2.584234805500186667e+02
1.573212016628375522e+02
1.740042703917900440e+02
1.706771923157266997e+02
1.671717642424561348e+02
3.743748168812523431e+02
3.416811677148298827e+02
3.405637881200078709e+02
3.526729097301141564e+02
3.293946163728746797e+02
2.074716093823303424e+02
1.436779031982329116e+02
1.629208825619192282e+02
1.620852248223256993e+02
3.790312474068268216e+02
3.726111373262320967e+02
3.843743297052038770e+02
3.658056006932572473e+02
2.667924234026477848e+02
1.866895534723070398e+02
1.347004078640663636e+02
1.548005479947579488e+02
4.141984345542384176e+02
4.192596088849856528e+02
3.964410246475570148e+02
2.985624014439335951e+02
2.416847099401801131e+02
1.725986668521308616e+02
1.280260582856413123e+02
4.647232071752222851e+02
4.300408516769124958e+02
3.254908189812819614e+02
2.720295898490519448e+02
2.246170767889712465e+02
1.618650187321434544e+02
4.743095234838864371e+02
3.548366828301902842e+02
2.978727830592425789e+02
2.539585467856567789e+02
2.114701823050990299e+02
3.931256688511476796e+02
3.259166221793421414e+02
2.790318400809853188e+02
2.398878038337149121e+02
3.622612153538864277e+02
3.061660838886056695e+02
2.642177272595477007e+02
3.411710942719509490e+02
2.904958621852139231e+02
3.242917483064647968e+02
8.659415098482533040e+02
9.481687958110620684e+02
9.721863085180070811e+02
1.045979023854109755e+03
9.744668642185092722e+02
9.875476422017387677e+02
1.086199550734172362e+03
1.025687388133925651e+03
1.019383956040268458e+03
1.012846109739285339e+03
9.953522424040904752e+02
9.916037491176358571e+02
9.806868899937579727e+02
9.726135400986054265e+02
9.599776355338425446e+02
9.522909686013646251e+02
9.389621941348851806e+02
9.280175374493811660e+02
9.155913949242807348e+02
9.022932309268375093e+02
8.839109042026641418e+02
8.705030372699363852e+02
8.607314594939251720e+02
8.263732866673831268e+02
8.107211451248824687e+02
8.348433522502625692e+02
7.916653526335716151e+02
7.713512106324560591e+02
7.900245895713544542e+02
7.762003542494127259e+02
9.812833062227881555e+02
1.159396060599804059e+03
1.084395049795942214e+03
9.875672848145468379e+02
1.098616879632626251e+03
1.201501761030686339e+03
1.128521340760914427e+03
1.037500656528917716e+03
1.015709572979183463e+03
1.002662153153371378e+03
9.864437584237067540e+02
9.664574161046388099e+02
9.472818621258255689e+02
9.335462045178026074e+02
9.178078217951017450e+02
8.967481717072363381e+02
8.739091340958979117e+02
8.498547687020828789e+02
8.266764404770329975e+02
8.052727308234733528e+02
7.689627963418416812e+02
7.090164390647065602e+02
7.048968311477741508e+02
7.728654416046624647e+02
7.738402030386819206e+02
6.847878095937173839e+02
6.220203692177183257e+02
8.316863217287972248e+02
8.442443139629256166e+02
8.788439090126830706e+02
9.684384433179834559e+02
1.036877644597291919e+03
1.017914911981768796e+03
9.365988221380650884e+02
8.585923922378317457e+02
8.322004158250068713e+02
8.123338631197249242e+02
7.906885369764227107e+02
7.717567878473397514e+02
7.547065682383374678e+02
7.388144907920069500e+02
7.170902882370758107e+02
6.940373962511436048e+02
6.705806173153373493e+02
6.358968596961369713e+02
5.908899386420199562e+02
5.602565707601752365e+02
5.821804103150589071e+02
6.272708176281412307e+02
6.445584160008140771e+02
5.955268161587028999e+02
6.100482226399600449e+02
6.918820244357700631e+02
7.740134666402994981e+02
8.308566177066426235e+02
8.196881444457948191e+02
7.899114534107012560e+02
7.235592877405073295e+02
6.594557963817068185e+02
6.344374320604754303e+02
6.152670305797856827e+02
5.982846355797779552e+02
5.814401536449595369e+02
5.651302747496197298e+02
5.477024328766193548e+02
5.200433970001596435e+02
4.837233283935802888e+02
4.553055302845962160e+02
4.512704373558217412e+02
4.721297056194757147e+02
5.039694807385939725e+02
5.128657497466448376e+02
4.929870255162425678e+02
5.876025540909520259e+02
6.460773034761209601e+02
6.470813160050862507e+02
6.288494062835455907e+02
6.021966947774202481e+02
5.518613143282962028e+02
5.044142318760650596e+02
4.835823325540683300e+02
4.672537455821745880e+02
4.518455180095757555e+02
4.307368584455583118e+02
4.025473106706821795e+02
3.804704441966385957e+02
3.732241830686456865e+02
3.738334808060033652e+02
3.892887369663711752e+02
4.107699603891480820e+02
4.222006679894215040e+02
4.944727190138598303e+02
5.113068644401541292e+02
5.052868744998074249e+02
4.904291914662445038e+02
4.701010366738852895e+02
4.335095734898156934e+02
3.963883602470257870e+02
3.735970879321156417e+02
3.492796856653677651e+02
3.291969761664537941e+02
3.196907745424871905e+02
3.165568060743232763e+02
3.198937545321752509e+02
3.317735727568293100e+02
3.687959485552418073e+02
4.056916247773361874e+02
4.139836587189255965e+02
4.093353096194321097e+02
3.976853792719717831e+02
3.772838775226727535e+02
3.402111650018266005e+02
3.053801849064228122e+02
2.913291132752872272e+02
2.841321938451209235e+02
2.812910823655254262e+02
2.826735885464092348e+02
3.197263269562957930e+02
3.435147234005756900e+02
3.458934592538370225e+02
3.348962894452080263e+02
3.196755420204704023e+02
3.052386418485604054e+02
2.849349551999861774e+02
2.674985396802896389e+02
2.622404688120516880e+02
2.768475693639830979e+02
2.884939801069041323e+02
2.912527858989538458e+02
2.885646051899507825e+02
2.826469426889860301e+02
2.751043430131010723e+02
2.498353585370349492e+02
2.633595438374281343e+02
2.681860680044815126e+02
1.005817377000702436e+03
9.398980835538264955e+02
9.155423434506461717e+02
8.564770841398859602e+02
1.011490473840716504e+03
1.026958043813023551e+03
9.096339490366343625e+02
9.980691854078165761e+02
9.995430863897679501e+02
9.846737935136459328e+02
9.834466262419266513e+02
9.628320762238924999e+02
9.624609145903928038e+02
9.681610686006657716e+02
9.628317703767605735e+02
9.346889349482783018e+02
9.304938653834651632e+02
9.372685961022733636e+02
9.306061723777191901e+02
9.072933125821660951e+02
8.982651284722012406e+02
8.893964142649481346e+02
8.784842232370350530e+02
8.968274435074274606e+02
8.691595975201731790e+02
7.836163733651912935e+02
8.142722295046434056e+02
8.352480924006753185e+02
8.228643179509157335e+02
8.425675194334996831e+02
1.199309088536092759e+03
1.141371028976825073e+03
1.341274165338972807e+03
1.501010729570638659e+03
1.326148979787275721e+03
1.096922226270731471e+03
1.114735266400892442e+03
1.149057699999080796e+03
1.138006703220623422e+03
1.123142914640234039e+03
1.109762151538173384e+03
1.105716490288219347e+03
1.092895277261909314e+03
1.069039089426131113e+03
1.045746947986819350e+03
1.025878944374802586e+03
1.006968096666431165e+03
9.858570523589718277e+02
9.608029750376349511e+02
9.300087004287071295e+02
9.125226659777293889e+02
9.143385567655069508e+02
8.632311788680347036e+02
7.108031254006491508e+02
6.784172621961868117e+02
8.260542967145191824e+02
8.914326856394990273e+02
1.424891267985267177e+03
1.504259570693102432e+03
1.444900993350411227e+03
1.251226970159914345e+03
1.038817183460372007e+03
1.000232702789978362e+03
1.001134518365946860e+03
1.007527563131522356e+03
9.976223285866017250e+02
9.843399840536795864e+02
9.744668696133240928e+02
9.530221271043928937e+02
9.292672494313794687e+02
9.016242389286388743e+02
8.742749376653106310e+02
8.511299635657229601e+02
8.276283320460872801e+02
8.038128839077585326e+02
7.870074649445894011e+02
7.697928988126687955e+02
7.027994670695730974e+02
5.892604855673821476e+02
5.146518976711172400e+02
5.770161533598202368e+02
1.294851195877104146e+03
1.201822985115052461e+03
1.035373592901373968e+03
8.648135082551719961e+02
8.227543744584240812e+02
8.009912360586556588e+02
7.926573006511267749e+02
7.928051174046712504e+02
7.823347883773893727e+02
7.691768023044686515e+02
7.499949105181383402e+02
7.286560639343334742e+02
7.034560182798901451e+02
6.802091932166425750e+02
6.631025353845972177e+02
6.485438620260574680e+02
6.336011136192962567e+02
6.077176094329591933e+02
5.506732274516775760e+02
4.640477128119075019e+02
4.038959515861212708e+02
9.566984320319780863e+02
8.228530308096103454e+02
6.914919495256442588e+02
6.502793865987199524e+02
6.276828175367445510e+02
6.112448699355880990e+02
6.036217093587167710e+02
5.984824378085930903e+02
5.887370135259019435e+02
5.746258348580788606e+02
5.575421353871610108e+02
5.419762755501777747e+02
5.310789623075204418e+02
5.196309728000862833e+02
5.025976384455555603e+02
4.814758964509509269e+02
4.368290872908006008e+02
3.708428043558951686e+02
6.591476489326292949e+02
5.545718196928652333e+02
5.164655816284448520e+02
4.942823055885068015e+02
4.785017652849835486e+02
4.659248345410991874e+02
4.581917893051897863e+02
4.559747155357142105e+02
4.485785643937607006e+02
4.420393124482417875e+02
4.348980927940338574e+02
4.234482554076829501e+02
4.099591550765900934e+02
3.924016453729654472e+02
3.583237331754638149e+02
4.589801100641000176e+02
4.232076810186221678e+02
4.017165642646105539e+02
3.855170925522555763e+02
3.740943510172915580e+02
3.679356422998681069e+02
3.680842205749663094e+02
3.695160941410806004e+02
3.645176393469931213e+02
3.561634775851107975e+02
3.461024452541338405e+02
3.330514459876889646e+02
3.632048517702772301e+02
3.411494786513384838e+02
3.270230864628879317e+02
3.200078944177244580e+02
3.161300598517688059e+02
3.133478057438313158e+02
3.110971920002385218e+02
3.086213038337447188e+02
3.019907595584838305e+02
3.091105390199148815e+02
2.972560017123070679e+02
2.880568749690182813e+02
2.814559996190291145e+02
2.772379587820694837e+02
2.728051569636501199e+02
2.786608766101390984e+02
2.673839746120379459e+02
2.595341190693600879e+02
8.659415098482533040e+02
9.481687958110620684e+02
9.721863085180070811e+02
1.045979023854109755e+03
9.744668642185092722e+02
9.875476422017387677e+02
1.086199550734172362e+03
1.025687388133925651e+03
1.019383956040268458e+03
1.012846109739285339e+03
9.953522424040904752e+02
9.916037491176358571e+02
9.806868899937579727e+02
9.726135400986054265e+02
9.599776355338425446e+02
9.522909686013646251e+02
9.389621941348851806e+02
9.280175374493811660e+02
9.155913949242807348e+02
9.022932309268375093e+02
8.839109042026641418e+02
8.705030372699363852e+02
8.607314594939251720e+02
8.263732866673831268e+02
8.107211451248824687e+02
8.348433522502625692e+02
7.916653526335716151e+02
7.713512106324560591e+02
7.900245895713544542e+02
7.762003542494127259e+02
9.231446844338070150e+02
1.120171268553022628e+03
1.206907227577646381e+03
1.043026869642521660e+03
1.043642679488357317e+03
1.229446140315590810e+03
1.167874995154767021e+03
1.075392596277724351e+03
1.055536726867594325e+03
1.038544393983154578e+03
1.028896768071430188e+03
1.011064633531691243e+03
9.925473786175743953e+02
9.770827425797622254e+02
9.635465552018600874e+02
9.449275777459004075e+02
9.229508470569894598e+02
9.022092603310951517e+02
8.780056094493784258e+02
8.550398139427443311e+02
8.347577079864180405e+02
7.959699008328419723e+02
7.337133876570520670e+02
7.536923291246457666e+02
8.207411704400966528e+02
7.565383138098429754e+02
6.796618067963557905e+02
6.922522843111256634e+02
1.018644449639416621e+03
1.105195273817922725e+03
9.557642942829780850e+02
9.630430960648865266e+02
1.149389695819018243e+03
1.147259665251071965e+03
1.056943968880124658e+03
9.684324102647860855e+02
9.430627585109061783e+02
9.304867902771541139e+02
9.072701567350526375e+02
8.880908764494043908e+02
8.678138718160853387e+02
8.527205655888618594e+02
8.332803089084461590e+02
8.110608626122922260e+02
7.866033161013797326e+02
7.592781482775648101e+02
7.355250931448426854e+02
7.008159367820179568e+02
6.480720137495584368e+02
6.133479725210777360e+02
6.707672782404939653e+02
7.286376695246474355e+02
6.705704852059258201e+02
5.578712663171359054e+02
8.658999489924808586e+02
7.926628072841065205e+02
8.212955004253684592e+02
1.000006533393503332e+03
1.003753875825640648e+03
9.685298368055537139e+02
8.896605757033032660e+02
8.129469902065092128e+02
7.918497985348357133e+02
7.693289837027143676e+02
7.487834992837819073e+02
7.283088166133588857e+02
7.125069439274601564e+02
6.960073236044244140e+02
6.740373671772360922e+02
6.530322063897143607e+02
6.274916179168533290e+02
5.932891430150842780e+02
5.512502124474439142e+02
5.201524838307747132e+02
5.214518948570474777e+02
5.778490087879631574e+02
6.240283713350215749e+02
5.650295451280697989e+02
5.903657006282850261e+02
6.573771757797018154e+02
8.301422799782161519e+02
8.462363133577202916e+02
8.224560360718706988e+02
7.906010325750604579e+02
7.249596829912889007e+02
6.667045131748949416e+02
6.405999276772455460e+02
6.201783950612858689e+02
6.009669318926638653e+02
5.867871291148995851e+02
5.700088152505081780e+02
5.521943152453459334e+02
5.346501503004660663e+02
5.047682446680555586e+02
4.666895223319057209e+02
4.392958921812291351e+02
4.345861341229835944e+02
4.434938441291542404e+02
4.949965695915995525e+02
5.291308572819783649e+02
4.812694247069553057e+02
6.578135738222140390e+02
6.952222612931186632e+02
6.866495739018135964e+02
6.660830981866084812e+02
6.389052459102400690e+02
5.921067689570189714e+02
5.400604673617245908e+02
5.171396691896667335e+02
4.995045849332083208e+02
4.857900448348794384e+02
4.709616932655288224e+02
4.542032275309812803e+02
4.339867977752164734e+02
4.031073690688206739e+02
3.775515975920253595e+02
3.691526429708006276e+02
3.705620751401508528e+02
3.817739402004749536e+02
4.261821432410592934e+02
4.843199265902842399e+02
5.536381446973859966e+02
5.664165698418871671e+02
5.592690839360717519e+02
5.438162299925390926e+02
5.265521737631239603e+02
4.850453595521856869e+02
4.435478496690035968e+02
4.238558762384951137e+02
4.111142770894039131e+02
3.968756751850040132e+02
3.763841592780740939e+02
3.535555220623850232e+02
3.327605062840090113e+02
3.225646433941310534e+02
3.198108889359906470e+02
3.237104198189207978e+02
3.344168230061136455e+02
4.171959744282481779e+02
4.589643684059229827e+02
4.698145690738472808e+02
4.656158332394483068e+02
4.580149834206745254e+02
4.399204415090601401e+02
4.060729693544344627e+02
3.728537980823927001e+02
3.579688137139000901e+02
3.398441302104458828e+02
3.167644577804247206e+02
2.997767762668624982e+02
2.897795058794211513e+02
2.846877912715982006e+02
2.847332651935302010e+02
2.896027848362821260e+02
3.590106311974670916e+02
3.917858177725951805e+02
4.016224545127571446e+02
4.030844755560763701e+02
3.930385402777415038e+02
3.764096273771644974e+02
3.488476341479606049e+02
3.198632959935779354e+02
2.971969196072083719e+02
2.776502453433384403e+02
2.686470905691763278e+02
2.618882322238092115e+02
2.583355658686286347e+02
2.596470237273025532e+02
3.198431415441484660e+02
3.463402328850652339e+02
3.581907235539615613e+02
3.554976720598118618e+02
3.446735080949816847e+02
3.270232760999807624e+02
2.997654763499350565e+02
2.712847024744293662e+02
2.564920340236922129e+02
2.494792271804640507e+02
2.439765768885375792e+02
2.409044673533325351e+02
2.948453151244588071e+02
3.188493458597628205e+02
3.240277655376809207e+02
3.162271965949087758e+02
3.010573067947031518e+02
2.851216148895509264e+02
2.650377120349717757e+02
2.456563674964303914e+02
2.384478880352803571e+02
2.330918922446800252e+02
2.808874707835057620e+02
2.933240265756024883e+02
2.896175577956786924e+02
2.801505798975722996e+02
2.724664015047171119e+02
2.614635908530672737e+02
2.455633746882130310e+02
2.337263418686866601e+02
2.610271948279578282e+02
2.657222166954088038e+02
2.651186314164457372e+02
2.624682492379436667e+02
2.556122208161490335e+02
2.460720018574390053e+02
2.446773367686343761e+02
2.513955315844193308e+02
2.536634176355518377e+02
2.503523397174056129e+02
2.368929420969892021e+02
2.445887821956345363e+02
