1.197279792670585266e+03
1.104571323050364981e+03
1.056773159453320204e+03
9.925599635703499644e+02
1.171859420690035677e+03
1.199431895580671835e+03
1.066426850487652473e+03
1.154617418245261206e+03
1.152933766051832436e+03
1.134337348476859461e+03
1.135692043393209815e+03
1.112627425492175689e+03
1.108214521271217791e+03
1.111836224943234811e+03
1.104183840650847742e+03
1.068808985640473793e+03
1.058178532904568328e+03
1.062675104387734564e+03
1.048071315419595521e+03
1.017705765356885649e+03
1.003269057465190713e+03
9.901430950054636924e+02
9.724389108051043422e+02
9.851007148184804691e+02
9.456083662447932738e+02
8.468937240569878213e+02
8.730996369753225963e+02
8.953680529039023668e+02
8.814322620979583007e+02
9.101772376445931059e+02
1.535952345317499294e+03
1.381079917569028794e+03
1.255022930521060289e+03
1.434901202239921531e+03
1.738658906341310512e+03
1.475678571443542296e+03
1.248806090616452138e+03
1.387661727320087948e+03
1.366277087354095102e+03
1.351748344370921359e+03
1.336478306481845721e+03
1.320701036376525963e+03
1.317160257090312598e+03
1.300460269251919271e+03
1.272004967119368075e+03
1.242695621083486685e+03
1.226783260181500737e+03
1.206615805109553094e+03
1.181072040622020040e+03
1.153733799420620699e+03
1.115345162504453810e+03
1.084097075455326603e+03
1.090301103158744809e+03
1.065713832903854609e+03
8.807340961311357432e+02
8.192537312167720529e+02
9.986186973784597285e+02
1.028400414716250225e+03
1.005054901525335367e+03
1.650709001239322106e+03
1.413242119874043510e+03
1.609531531761167571e+03
1.888309643592853263e+03
1.860056603805178611e+03
1.513790275935020418e+03
1.252257821755840496e+03
1.396509231696926918e+03
1.386297226918766000e+03
1.356095852858629996e+03
1.346167199098739047e+03
1.331008410915547756e+03
1.326088790230629684e+03
1.291456172114455512e+03
1.262322269012660399e+03
1.231872352862537582e+03
1.199547742950887368e+03
1.172631933559117215e+03
1.145801006405523367e+03
1.105527102921062124e+03
1.064985119908649267e+03
1.065181253866963061e+03
1.036478662364051161e+03
8.757423482557220495e+02
7.057237519516660313e+02
8.243401595440462870e+02
1.018531921708956247e+03
1.050410100814784755e+03
1.508291844214800904e+03
1.666940553984289181e+03
1.922729561985741611e+03
1.812043990673458211e+03
1.729375501048596334e+03
1.388247901495770748e+03
1.126009983291742174e+03
1.270865353288703773e+03
1.252324113744858323e+03
1.229200687116744575e+03
1.218914758581768183e+03
1.207590955134720161e+03
1.192620745314400665e+03
1.156633926235929721e+03
1.129326550204157456e+03
1.088011302093341783e+03
1.057778018893896615e+03
1.030779790612579063e+03
9.957332737981723767e+02
9.609634385547459487e+02
9.585932743968816112e+02
9.307104393576057646e+02
7.898262074308137244e+02
6.292784347865800783e+02
6.308430114313476906e+02
7.763482677309776818e+02
9.628670188726798642e+02
1.676603118650517899e+03
1.876815629364749611e+03
1.719905587856852890e+03
1.578287239680611719e+03
1.498033008628494827e+03
1.188023760064793350e+03
9.590593820066444550e+02
1.078644006758191836e+03
1.068665485368464488e+03
1.047874871499110213e+03
1.042005185312433923e+03
1.024665990646800765e+03
1.008129796976477337e+03
9.778464367882172610e+02
9.431537727925804120e+02
9.085427759007690156e+02
8.821837031450642144e+02
8.519354848432406015e+02
8.237540294202489122e+02
8.272772287158794597e+02
8.055255106040032160e+02
6.869887066732006815e+02
5.386150597449023962e+02
5.237720877873418885e+02
5.583232794877857259e+02
7.067155453823809239e+02
1.814384158590635479e+03
1.611482872294525350e+03
1.438998995652012582e+03
1.321220009906521000e+03
1.245671620976003851e+03
9.850879760726110135e+02
7.843174086074394609e+02
8.891368986655337494e+02
8.817572165297672200e+02
8.685981650065355097e+02
8.573236211891398852e+02
8.395246071894479201e+02
8.281654651215334297e+02
7.952179833101681652e+02
7.675912347456195448e+02
7.392284983011949180e+02
7.141679743606289321e+02
6.917631395011900395e+02
6.980394518367820638e+02
6.881360892616959291e+02
5.921748399853945557e+02
4.593133193040416700e+02
4.325369082761425261e+02
4.459553007558887998e+02
4.945598824939083329e+02
1.520347076311032879e+03
1.320040389318928646e+03
1.182724843196859638e+03
1.086123564514084592e+03
1.021574141333808484e+03
7.963717390845480395e+02
6.345146391405501163e+02
7.219143508722146407e+02
7.212559710422723356e+02
7.061574124028745700e+02
6.934951061634715188e+02
6.820695817655513338e+02
6.677393340493471214e+02
6.431842871965785662e+02
6.213337669561933581e+02
5.971584501031131822e+02
5.804119410067269200e+02
5.892037264257938887e+02
5.858628761275947454e+02
5.125191277202218316e+02
3.959988105775563554e+02
3.641473493361718852e+02
3.620225733618424329e+02
3.892746775006561961e+02
1.234390987242724577e+03
1.079065819795809148e+03
9.715770467096317589e+02
8.947602251970380394e+02
8.277456611895386231e+02
6.436484236273955730e+02
5.125376961777329825e+02
5.894001918514383078e+02
5.864063088207163901e+02
5.718938473278544734e+02
5.647485665933614882e+02
5.521535676024748227e+02
5.433149381794330566e+02
5.252847955319676885e+02
5.078586775708391201e+02
4.920157196720036836e+02
5.035443016949625985e+02
5.062732801522168415e+02
4.470507352218365327e+02
3.470014380097327376e+02
3.146838009370543432e+02
3.043327874439259517e+02
3.157890561965222673e+02
1.012847519803624209e+03
8.934148705141600431e+02
8.101839874611131336e+02
7.372161153453787392e+02
6.767896733465987609e+02
5.236947443266358277e+02
4.207554641420909434e+02
4.829956837277225077e+02
4.794582287690825524e+02
4.716277518484438929e+02
4.634003013040917835e+02
4.558577757504820624e+02
4.511941895484977749e+02
4.385133491261926793e+02
4.280485875664248852e+02
4.381744178180961740e+02
4.462806274687238215e+02
3.988824458911399802e+02
3.086735418398043294e+02
2.789189096229015945e+02
2.653162167643457110e+02
2.679342018680710567e+02
8.504012246951381258e+02
7.579093501853718635e+02
6.817614411473122118e+02
6.176623091118060529e+02
5.608695245968224299e+02
4.357653664401169635e+02
3.490105772834275513e+02
4.006403245391265386e+02
4.023254476800256612e+02
3.948339497093930390e+02
3.904145647715199630e+02
3.868226447963753003e+02
3.859684556592973763e+02
3.798133129372110375e+02
3.928968359164217077e+02
4.015383146680637196e+02
3.636471593084992833e+02
2.820763291596596787e+02
2.521676488687934921e+02
2.385295631002321386e+02
2.370614402053694221e+02
7.362442165443333124e+02
6.522832930656097687e+02
5.859193175267749893e+02
5.269537140985510177e+02
4.773660835564336935e+02
3.675664657382631617e+02
2.941626802169685106e+02
3.427176565122425700e+02
3.440743166167029585e+02
3.404426472120881044e+02
3.392292365933677729e+02
3.394438356866201048e+02
3.432552526815659348e+02
3.593131891838295360e+02
3.720136916843156882e+02
3.377267674526009387e+02
2.632864722289214114e+02
2.347436245059605255e+02
2.191701565483216712e+02
2.166800168213904669e+02
6.481792428793248746e+02
5.740544259143676982e+02
5.135210471126833909e+02
4.623887380683562469e+02
4.121958382201327709e+02
3.153543842528042092e+02
2.562762026203276946e+02
2.991751884419061867e+02
3.031327762563135479e+02
3.028407671080578325e+02
3.050255708155960406e+02
3.093709494088775500e+02
3.333385500994947392e+02
3.502753638360475179e+02
3.218210605386318548e+02
2.496975002329525921e+02
2.229222861866974483e+02
2.074091491342563529e+02
2.022797146495580307e+02
5.829720711226963203e+02
5.147798946801160582e+02
4.623803555768010369e+02
4.108252653439412825e+02
3.616494518049896669e+02
2.796698524976399085e+02
2.277168116827553206e+02
2.686159545096635384e+02
2.750726297192428547e+02
2.783345653368112949e+02
2.840190848423317789e+02
3.072310647076893702e+02
3.326317132479042016e+02
3.101822068723224675e+02
2.422101787034430345e+02
2.145373156404597808e+02
1.997807686364245967e+02
1.942156498045123953e+02
5.330959690212447413e+02
4.730640636673875861e+02
4.201636988565296065e+02
3.697232479442727708e+02
3.274363368759017590e+02
2.525278338094489925e+02
2.076048677383762424e+02
2.477842438148428243e+02
2.572278300651784093e+02
2.638577611952722464e+02
2.872757791567054255e+02
3.124313361575387944e+02
2.999079638909980758e+02
2.368171459823417990e+02
2.106107078146623053e+02
1.944606550611715079e+02
1.892408828016503435e+02
4.980303197706330138e+02
4.371813207938322421e+02
3.853702420401850191e+02
3.422459157791785742e+02
3.009115611405139816e+02
2.333243224367365940e+02
1.939335390591239445e+02
2.348895861362952360e+02
2.471574864040580053e+02
2.708316808468477461e+02
2.965194201649422894e+02
2.857495705877585692e+02
2.314575513823387212e+02
2.078512137553368291e+02
1.925966887165295418e+02
1.857955099920664566e+02
4.663280319036589958e+02
4.065160518177549420e+02
3.624158169704693364e+02
3.202665667439758295e+02
2.819689468358652107e+02
2.203273305294302986e+02
1.857120300208784442e+02
2.280310678583852564e+02
2.564257446592965266e+02
2.828188890513661136e+02
2.742338414265541360e+02
2.224108728475512180e+02
2.045408220717609993e+02
1.913313641967117462e+02
1.851827924762058331e+02
4.381830937440676621e+02
3.865720475868508856e+02
3.434028854799901751e+02
3.043747589289711186e+02
2.692474655208484364e+02
2.128302589454803240e+02
1.816424267981557819e+02
2.385162449149219128e+02
2.700430331179849190e+02
2.638660461560626231e+02
2.148648504425469241e+02
1.975952573544158213e+02
1.891578133971152624e+02
1.847821819847067104e+02
4.201876856901933479e+02
3.694600528896989999e+02
3.294803713513584285e+02
2.938758704295685789e+02
2.624001010149758599e+02
2.095543309182351379e+02
1.911194945165724448e+02
2.528187091269166160e+02
2.535948241008356945e+02
2.078315329418152544e+02
1.916715644515915642e+02
1.833748534189387840e+02
1.832097070975287920e+02
4.041893344941390751e+02
3.567874621798250701e+02
3.204531077332263180e+02
2.889307814158311771e+02
2.601153051144053165e+02
2.216871283531735912e+02
2.035479768568698944e+02
2.386645036768586294e+02
2.005396935145879240e+02
1.859944199144934203e+02
1.783371009236730060e+02
1.779741177133221015e+02
3.922297909314848425e+02
3.487454153583996685e+02
3.168903211902250519e+02
2.883651709994524026e+02
2.767208707269787737e+02
2.497662793049741197e+02
1.929370890645124632e+02
1.893645572692876726e+02
1.799004219043035278e+02
1.733979499718571731e+02
1.733199011370362257e+02
3.848429252321046192e+02
3.462427497995291219e+02
3.176792992636603685e+02
3.085302821339448656e+02
3.109622374769247699e+02
2.583623454875654488e+02
1.534992171828504581e+02
1.702239704409122396e+02
1.679560761195297118e+02
1.686803000429149790e+02
3.832645730136585485e+02
3.481770049120329986e+02
3.411869576902515746e+02
3.461468092319847187e+02
3.194236380993442026e+02
2.021841152976125215e+02
1.382214461506243026e+02
1.591188780118889099e+02
1.634819392725894716e+02
3.863513661447781260e+02
3.749589583882565194e+02
3.818149820542913062e+02
3.535807881137849336e+02
2.519674241562767065e+02
1.793057275164288171e+02
1.293412027839459881e+02
1.549574612709090502e+02
4.170057163606142581e+02
4.184095509431381288e+02
3.877428236172694369e+02
2.810097605143521946e+02
2.249009548728446646e+02
1.654341822180161614e+02
1.260165578810918419e+02
4.640718196375421485e+02
4.224958049147741121e+02
3.100076940779003962e+02
2.523492412950390076e+02
2.085913957538259922e+02
1.590482158269870752e+02
4.661645224613934033e+02
3.394822472092252497e+02
2.797296199320409755e+02
2.352177337558287888e+02
2.013753468208709592e+02
3.762218822005564789e+02
3.075519848757963928e+02
2.617690828125989810e+02
2.279808722207440894e+02
3.420288811688390638e+02
2.887510780013662952e+02
2.545027337222370534e+02
3.220460254690547117e+02
2.814542574885015824e+02
3.146102710633281276e+02
9.944944286547168986e+02
1.113267098645623946e+03
1.140919835102828984e+03
1.220399916470463040e+03
1.146114213109073035e+03
1.159497328573741925e+03
1.274987297319636582e+03
1.199261790978675663e+03
1.184389971020849543e+03
1.177556800625981168e+03
1.156202900525668610e+03
1.150981478032340192e+03
1.136868151386622912e+03
1.125500440257059154e+03
1.108338140164368269e+03
1.096566388454343041e+03
1.078262821934560861e+03
1.060979598163975197e+03
1.044073252866539406e+03
1.024149462352712817e+03
1.000113063948861623e+03
9.805934205104638295e+02
9.644886610390266242e+02
9.204748353743666485e+02
8.973392175859958115e+02
9.169011246183849835e+02
8.667934316303492324e+02
8.415027876069860895e+02
8.632248195480424329e+02
8.475897601037809181e+02
1.142417675705273723e+03
1.367298972984714510e+03
1.284056272787442140e+03
1.178501477756687791e+03
1.306488145329042254e+03
1.419747299923652690e+03
1.325909781453570758e+03
1.215603308472748949e+03
1.193332872244937334e+03
1.175045718159055014e+03
1.154511711585626927e+03
1.129968494937470268e+03
1.107453572142058874e+03
1.090610982132819345e+03
1.070629101039013221e+03
1.045109999171094159e+03
1.017709093734948397e+03
9.885729382686033659e+02
9.596626251413388218e+02
9.327365572558353506e+02
8.885884914103363599e+02
8.185410255167839750e+02
8.106378435686294779e+02
8.826239501146652628e+02
8.804417113333040561e+02
7.791000158681890753e+02
7.060239834607036755e+02
9.378289298993001921e+02
9.729838208670029189e+02
1.027671060184071393e+03
1.128271866492966637e+03
1.197805392001542486e+03
1.168279792871397149e+03
1.074118690656038780e+03
9.842310711303144899e+02
9.556697937967835514e+02
9.315698020320741080e+02
9.053636316048617800e+02
8.838816523845183610e+02
8.646512103747239735e+02
8.466047908546722738e+02
8.218370267191040739e+02
7.956118325449397162e+02
7.683189123777090117e+02
7.275506812909588916e+02
6.765985720306728126e+02
6.420531432865581110e+02
6.659011712528791804e+02
7.137895072242042716e+02
7.280637968136987865e+02
6.660471422767360536e+02
6.627860131612601435e+02
7.733578804722717450e+02
8.699916808026536046e+02
9.330466025548743119e+02
9.120167704167325837e+02
8.775278993757092394e+02
8.040485216790177674e+02
7.322452308901571314e+02
7.056204039418203138e+02
6.833528380057420009e+02
6.636190272261569589e+02
6.455290586481056607e+02
6.281762090734571302e+02
6.092267829951576914e+02
5.782861705992255565e+02
5.390843766833077098e+02
5.085546926496658102e+02
5.049516126694321656e+02
5.265830546242784749e+02
5.582016562538349262e+02
5.607086484787758991e+02
5.179741752915620054e+02
6.339311664524295793e+02
7.025396368652139927e+02
7.004862236478616069e+02
6.775778864650009155e+02
6.490255299778689277e+02
5.952179667913226240e+02
5.432463245553431079e+02
5.213884120184658286e+02
5.035330986087115548e+02
4.864628163124930325e+02
4.639040295238658587e+02
4.347539124383974922e+02
4.121738769156823992e+02
4.055521117521174688e+02
4.065869171032043710e+02
4.217090035060304558e+02
4.398687203445921909e+02
4.328582213992964398e+02
5.194294563622378291e+02
5.389570413768187791e+02
5.326917989583773760e+02
5.158715246574099638e+02
4.947236891038305089e+02
4.561624529055182506e+02
4.163283179560802978e+02
3.928606043509044525e+02
3.675842993928192755e+02
3.469172349960929864e+02
3.380147742636654016e+02
3.356167878789855763e+02
3.389426959929067493e+02
3.488577371261669100e+02
3.724197444593632440e+02
4.172911305095256580e+02
4.282848973893574112e+02
4.238385078529761927e+02
4.109361669512485946e+02
3.895561296539699470e+02
3.514680619655821943e+02
3.156113274473313481e+02
3.021697345361608882e+02
2.953115714609418205e+02
2.924849818320000736e+02
2.928332619623747632e+02
3.202849910884172573e+02
3.490073528119569346e+02
3.530580460454009994e+02
3.423573283167848444e+02
3.262869112556007849e+02
3.117022312992745015e+02
2.917773979474509929e+02
2.741850840021297699e+02
2.686511859528623631e+02
2.759585037224671282e+02
2.907266579829287139e+02
2.950111039119382212e+02
2.928519657222765318e+02
2.867764869549212108e+02
2.788553113648380304e+02
2.487026921154879915e+02
2.645077049591739069e+02
2.700660658723289202e+02
1.197279792670585266e+03
1.104571323050364981e+03
1.056773159453320204e+03
9.925599635703499644e+02
1.171859420690035677e+03
1.199431895580671835e+03
1.066426850487652473e+03
1.154617418245261206e+03
1.152933766051832436e+03
1.134337348476859461e+03
1.135692043393209815e+03
1.112627425492175689e+03
1.108214521271217791e+03
1.111836224943234811e+03
1.104183840650847742e+03
1.068808985640473793e+03
1.058178532904568328e+03
1.062675104387734564e+03
1.048071315419595521e+03
1.017705765356885649e+03
1.003269057465190713e+03
9.901430950054636924e+02
9.724389108051043422e+02
9.851007148184804691e+02
9.456083662447932738e+02
8.468937240569878213e+02
8.730996369753225963e+02
8.953680529039023668e+02
8.814322620979583007e+02
9.101772376445931059e+02
1.454161322814836467e+03
1.394325826065893125e+03
1.616995481360477470e+03
1.799845206928598373e+03
1.592120028995791017e+03
1.313558488448311891e+03
1.336185334997127711e+03
1.366786398323434469e+03
1.349585239484464182e+03
1.331611922088701704e+03
1.317677230553415939e+03
1.310758865156736420e+03
1.293001285250980118e+03
1.262421778989471022e+03
1.233119400989805627e+03
1.208477018888468137e+03
1.183521681907911898e+03
1.157300652407426469e+03
1.126705964298686922e+03
1.087871378142767071e+03
1.063941166052574090e+03
1.059130714990405522e+03
9.936329400451878655e+02
8.178623654838607990e+02
7.779863396143911132e+02
9.436305510342483558e+02
1.024615613239585173e+03
1.714327882281783104e+03
1.779507166426019012e+03
1.690745961883725386e+03
1.466390672855746516e+03
1.221160618309238089e+03
1.180234783642984439e+03
1.172938515776516397e+03
1.173582509876527183e+03
1.161328273748377342e+03
1.147919690662392895e+03
1.137083160344064709e+03
1.111580422162613331e+03
1.083474121263826873e+03
1.051387681147897865e+03
1.018978446046808017e+03
9.907748706308071860e+02
9.630103020256315176e+02
9.351994590189860901e+02
9.144515899289062872e+02
8.913472402215500097e+02
8.105433479331455828e+02
6.823440292070332589e+02
5.997943883509560692e+02
6.733318935000590955e+02
1.466567152297972825e+03
1.356081940640420271e+03
1.171921866957192606e+03
9.790348361189078332e+02
9.362164233119010532e+02
9.072415090263680213e+02
8.933626208160090982e+02
8.931350783436531628e+02
8.822372165612264325e+02
8.682679653159501640e+02
8.468697723450916328e+02
8.237314700942483796e+02
7.952393802691541396e+02
7.698939680706449735e+02
7.495430923753855268e+02
7.329115525244073979e+02
7.159745681629153751e+02
6.863998793236506799e+02
6.211309351106053782e+02
5.266087039155595448e+02
4.630482826208046276e+02
1.044396124513778886e+03
9.004176371545695474e+02
7.554522769709228669e+02
7.122820301721972100e+02
6.864608845071143151e+02
6.671144093934138937e+02
6.582409029744477493e+02
6.531904070668798568e+02
6.429250438580286300e+02
6.280745865347103063e+02
6.102637815699538351e+02
5.939003907119002861e+02
5.821973827840505464e+02
5.698176923112073382e+02
5.514715360907365493e+02
5.280083131513462149e+02
4.793525090067477663e+02
4.102032649251215730e+02
7.021092523892310737e+02
5.888639850293234304e+02
5.497577267586603966e+02
5.253745642452438460e+02
5.079916597808067422e+02
4.951360948180285959e+02
4.872797063977190533e+02
4.853970996449387485e+02
4.776677021521971938e+02
4.716543646798518807e+02
4.645326876699353420e+02
4.530107832271363009e+02
4.385417001075868484e+02
4.198366597235661288e+02
3.840211307164399273e+02
4.784858700101129898e+02
4.417964383533630439e+02
4.188126429374420354e+02
4.015814992621315582e+02
3.902292713467501812e+02
3.844846116341036577e+02
3.847609214556799202e+02
3.868606592802262867e+02
3.822073191917598365e+02
3.737965008321226605e+02
3.633429952814134367e+02
3.497456396809761827e+02
3.747741921899307727e+02
3.517692372951610196e+02
3.368383977284377124e+02
3.297598524409939955e+02
3.263099339701987560e+02
3.240202169394867724e+02
3.218498075242395089e+02
3.197691015989012726e+02
3.130184097953409719e+02
3.164672354281894400e+02
3.040036736609341688e+02
2.944637680394435506e+02
2.880014314714811690e+02
2.840252884359166501e+02
2.800579966188510070e+02
2.831454617885394214e+02
2.716456834216332936e+02
2.638720606100471855e+02
9.944944286547168986e+02
1.113267098645623946e+03
1.140919835102828984e+03
1.220399916470463040e+03
1.146114213109073035e+03
1.159497328573741925e+03
1.274987297319636582e+03
1.199261790978675663e+03
1.184389971020849543e+03
1.177556800625981168e+03
1.156202900525668610e+03
1.150981478032340192e+03
1.136868151386622912e+03
1.125500440257059154e+03
1.108338140164368269e+03
1.096566388454343041e+03
1.078262821934560861e+03
1.060979598163975197e+03
1.044073252866539406e+03
1.024149462352712817e+03
1.000113063948861623e+03
9.805934205104638295e+02
9.644886610390266242e+02
9.204748353743666485e+02
8.973392175859958115e+02
9.169011246183849835e+02
8.667934316303492324e+02
8.415027876069860895e+02
8.632248195480424329e+02
8.475897601037809181e+02
1.085746471449987894e+03
1.325624161170625712e+03
1.427364312322463320e+03
1.250482544939581885e+03
1.242891386742332088e+03
1.465495840744365069e+03
1.378422837991186952e+03
1.264213047453305307e+03
1.244044398680666518e+03
1.221643800967897505e+03
1.209037164092278317e+03
1.186140130950584762e+03
1.164102880893631209e+03
1.144368789864264954e+03
1.127336600337351229e+03
1.103304167496278069e+03
1.076688724352263534e+03
1.051838773490428139e+03
1.021107996536355813e+03
9.924902535660520471e+02
9.660722876542756694e+02
9.182220716240370848e+02
8.450385442507151765e+02
8.631173385009402637e+02
9.321146106852704634e+02
8.592188321493334797e+02
7.720364088511786349e+02
7.841285399108085130e+02
1.171534092908815637e+03
1.286195566846839711e+03
1.136309623660184570e+03
1.144483083919625415e+03
1.360065981295970687e+03
1.338836136534649995e+03
1.228147791744693677e+03
1.126018660398264728e+03
1.099798451711920507e+03
1.083619815836959788e+03
1.053810851093564452e+03
1.031852731400681932e+03
1.008809534852234719e+03
9.910513334120305444e+02
9.672978689739983338e+02
9.414935889137960885e+02
9.134189580699620592e+02
8.812354749536881400e+02
8.523959189999754926e+02
8.101269488318736194e+02
7.499158451575070785e+02
7.100296272039204268e+02
7.718610987990819012e+02
8.306042088793190032e+02
7.621779306707537671e+02
6.334164512029271918e+02
9.630330044393289199e+02
9.164524168989528334e+02
9.547952302219124476e+02
1.162503912283738146e+03
1.144232905477869508e+03
1.098438893913328002e+03
1.010555552959229203e+03
9.238248068227596832e+02
9.019043275868666569e+02
8.738339934845943162e+02
8.502578392095369963e+02
8.270554991169314007e+02
8.098732070099164275e+02
7.908002583772878324e+02
7.664479813474151797e+02
7.432317463015377825e+02
7.138814200544391042e+02
6.747221004470003436e+02
6.269652778653522773e+02
5.930163013984595182e+02
5.947373525992809391e+02
6.543674047132741407e+02
6.979427196033270775e+02
6.251192421700059185e+02
6.466526150643280744e+02
7.365651814721069286e+02
9.372378370127200924e+02
9.416991574837754797e+02
9.074651884648626492e+02
8.730162243281470182e+02
8.023368979584797671e+02
7.369849512940630802e+02
7.085113107305260201e+02
6.857548714968455670e+02
6.638516887639120796e+02
6.484674689806887500e+02
6.303501949102025037e+02
6.115798722080126026e+02
5.922750836030458004e+02
5.591708657093066677e+02
5.184784260985304627e+02
4.890973087639430901e+02
4.849206083280031407e+02
4.940615097916024752e+02
5.453792721067804905e+02
5.725128910455227924e+02
5.078031646825661483e+02
7.149858528818198238e+02
7.522516755846646674e+02
7.402303718787534308e+02
7.162038328375193714e+02
6.884771116566129194e+02
6.383409087288448518e+02
5.806176268802084905e+02
5.576929411036840065e+02
5.381088268843612923e+02
5.230166701952396124e+02
5.071699615561158225e+02
4.898349822577247892e+02
4.681603040080543678e+02
4.358114546548777071e+02
4.101023679633406118e+02
4.021110826633874922e+02
4.043850014355315921e+02
4.144417450318993019e+02
4.547855855898457662e+02
4.984745079152327207e+02
5.802714862248461714e+02
5.965416479111747776e+02
5.896163592781539364e+02
5.732015981599150791e+02
5.548951149367028393e+02
5.109008581332990389e+02
4.674692266451614273e+02
4.473141322180815109e+02
4.335612015880117269e+02
4.180454738702605368e+02
3.968525317043793734e+02
3.735152722273431891e+02
3.525753157221555512e+02
3.436136258017018008e+02
3.416986913225583180e+02
3.458783183953038929e+02
3.538949791209697651e+02
4.198861527944210366e+02
4.720044631486069875e+02
4.865317423994161459e+02
4.836945321486186344e+02
4.747761340339534968e+02
4.555113563257932583e+02
4.216248544402004654e+02
3.866791942562570625e+02
3.714832643951091313e+02
3.524353985120466746e+02
3.289395186612635484e+02
3.117088499375483366e+02
3.023841459375141199e+02
2.986900143076636596e+02
2.992865337770595602e+02
3.035600689100666614e+02
3.592534092070519023e+02
3.989646889793061177e+02
4.121885679866771852e+02
4.137771734605423148e+02
4.024831079102932563e+02
3.860496042499013356e+02
3.577797578314344378e+02
3.277359918154532465e+02
3.049933357885795999e+02
2.853980326843814623e+02
2.764172338990741764e+02
2.702729389732736536e+02
2.679345765985833054e+02
2.691553080357439285e+02
3.199692135861316160e+02
3.514737417777771498e+02
3.645473659156201052e+02
3.616639437392901755e+02
3.508301247795059794e+02
3.324287305364957774e+02
3.048893511657742579e+02
2.759095236374350293e+02
2.617543374223182582e+02
2.549179117335138187e+02
2.498190046733419081e+02
2.473686584086997584e+02
2.955106459385788753e+02
3.215669767457564490e+02
3.273620680964200460e+02
3.204708285757803878e+02
3.045189022169080886e+02
2.880185808532919509e+02
2.681432420873266551e+02
2.491199137861606800e+02
2.421731178512349345e+02
2.369122976869622335e+02
2.801468922067861627e+02
2.940408429975038302e+02
2.918803269651992878e+02
2.823243162281203240e+02
2.742834529301006796e+02
2.632242252607065893e+02
2.478868685040643243e+02
2.356219627578657878e+02
2.590284154791021365e+02
2.658389852539464187e+02
2.659004578998545867e+02
2.635231841621460376e+02
2.565301131289410250e+02
2.468726694637270214e+02
2.426474238630650859e+02
2.505737603580199675e+02
2.534750264999355522e+02
2.501677838183249207e+02
2.341374987742022427e+02
2.425360027785846455e+02
