2.463225732773727941e+03
2.114728863147498487e+03
2.126196550620369180e+03
1.965635470587133568e+03
2.179453153455029678e+03
2.398343747040380094e+03
1.995006556768924611e+03
2.203473924441522740e+03
2.168513383090365551e+03
2.123653730988632105e+03
2.108996454152757906e+03
2.056701427875952504e+03
2.023104244230539280e+03
2.019152156356503383e+03
1.990282153049508224e+03
1.914575352651332651e+03
1.876571030440761206e+03
1.862517428620065175e+03
1.804052907819878101e+03
1.753209251428571633e+03
1.706566599695357581e+03
1.654827675539541588e+03
1.607015480950485198e+03
1.598778520179589805e+03
1.464003546494936245e+03
1.337925126284860198e+03
1.327642765224087270e+03
1.437021460218483071e+03
1.407402818456207569e+03
1.459546704906191962e+03
2.743311946630938110e+03
2.373433445446751193e+03
2.170413280689430394e+03
2.403993959300891220e+03
3.010356797435401404e+03
2.424462432563517723e+03
2.003794862911099699e+03
2.239063103858727573e+03
2.175131906720237112e+03
2.158511604262075707e+03
2.121607388622014696e+03
2.093978522970900030e+03
2.071059633193545778e+03
2.034071535294562636e+03
1.985290240397908065e+03
1.931573056911058529e+03
1.893674894041056177e+03
1.847874092099328664e+03
1.781068006083030241e+03
1.749697592920897932e+03
1.672483001559177183e+03
1.613867182111389639e+03
1.605619772514712849e+03
1.501498384825993071e+03
1.290986986044239075e+03
1.220093448403717730e+03
1.412920778777394389e+03
1.535449741937006593e+03
1.523629108263126227e+03
2.666174141610946663e+03
2.107493028087781568e+03
2.387263302779255355e+03
2.950985577495036978e+03
2.708599052459118866e+03
2.164790191410469106e+03
1.720853431844276884e+03
1.934011918537765041e+03
1.898068030012751933e+03
1.869085812885895848e+03
1.853495271010761826e+03
1.832901800777084190e+03
1.814563474685912070e+03
1.766893798414918820e+03
1.722476576691066157e+03
1.677687835287737926e+03
1.627442442055250922e+03
1.579302640579628587e+03
1.533413274324959502e+03
1.483907859155409596e+03
1.423758676278767553e+03
1.411532248264910322e+03
1.323458936338760168e+03
1.168530874897503963e+03
9.667656534064350353e+02
1.133653648269837504e+03
1.331337207566840107e+03
1.477108361620641517e+03
2.118725106172938922e+03
2.141548635080047461e+03
2.671748801417180857e+03
2.396084245446420027e+03
2.213067240358932850e+03
1.711488781207867987e+03
1.332832155733661693e+03
1.523097919734468405e+03
1.488374119698264849e+03
1.478404694661525127e+03
1.465853486746964336e+03
1.454631678597847895e+03
1.434380953350733080e+03
1.391495056170286944e+03
1.356894575096769358e+03
1.307865762172257064e+03
1.264787081871625332e+03
1.236397080588513745e+03
1.184371418989166386e+03
1.153197407959821248e+03
1.143395161971990547e+03
1.070368989495751521e+03
9.569787111898154990e+02
7.821357998735004458e+02
7.945007777712909274e+02
9.843880096123670000e+02
1.181857010262964195e+03
2.035063986778783374e+03
2.269811175963730420e+03
2.042220994016746317e+03
1.848422824472897901e+03
1.670635735252739096e+03
1.271518383627335652e+03
9.884335469139560928e+02
1.133721540938114458e+03
1.119114856980914738e+03
1.111962630936255209e+03
1.107077437239100391e+03
1.094416905369172127e+03
1.075835296345541792e+03
1.046246465781292954e+03
1.009250106760626068e+03
9.703735429365867731e+02
9.472162749521326077e+02
9.155196405545360676e+02
8.841498983258009048e+02
8.940790056829404193e+02
8.412369327053796724e+02
7.553621029375951821e+02
6.091604177849866346e+02
5.987964822827767648e+02
6.490064750432421761e+02
8.423202982310531297e+02
2.088445500874036497e+03
1.692309072100452340e+03
1.539770551102264108e+03
1.369097448415085182e+03
1.225985822405151339e+03
9.303793030431645548e+02
7.183528140939608875e+02
8.372780255650476420e+02
8.283496435443867085e+02
8.287347137494242588e+02
8.212005546387786126e+02
8.081665644064961498e+02
7.989915288948592433e+02
7.705454867911436168e+02
7.417339131385506334e+02
7.208605785126384262e+02
6.981931747965642217e+02
6.818470247425258322e+02
6.876880638977303306e+02
6.631029236185223681e+02
6.010726022452976167e+02
4.755485853232525528e+02
4.530336380989277814e+02
4.739116804435833501e+02
5.432957904900221138e+02
1.550129685121157536e+03
1.282153007974817228e+03
1.148982860932335825e+03
1.016065193542379461e+03
9.078895688371046617e+02
6.821685496846845354e+02
5.306984203024177305e+02
6.239597558305902112e+02
6.236758158242674881e+02
6.222486844359310680e+02
6.128525623689566828e+02
6.074489361460035752e+02
5.968904842427727999e+02
5.763117207530559654e+02
5.616842739296972695e+02
5.432257627212393345e+02
5.332310626435555605e+02
5.469141639431792328e+02
5.284444494184795076e+02
4.913509057430466669e+02
3.843888376116309473e+02
3.537392380857186254e+02
3.574710214171884672e+02
3.956018789084716900e+02
1.197422158457701471e+03
9.839276856709344656e+02
8.800227426152429189e+02
7.778370355027348069e+02
6.870689185400452743e+02
5.160269263722975666e+02
4.026582537748195705e+02
4.817584502486880638e+02
4.812461269497854914e+02
4.783598980569472019e+02
4.752407858993091736e+02
4.682111793672845010e+02
4.615180484587484671e+02
4.532018196120466200e+02
4.409082967696567721e+02
4.329823938796058087e+02
4.490074209352623598e+02
4.426274787667315422e+02
4.118479466270279659e+02
3.240575109345140277e+02
2.917852624048205143e+02
2.842367368939064818e+02
3.036246828129671371e+02
9.515217156312074849e+02
7.875442787571229246e+02
7.059290629470935983e+02
6.177267403978232778e+02
5.420327192482918690e+02
4.047562283241237537e+02
3.201067756780665263e+02
3.848305432942403854e+02
3.838232464937505597e+02
3.869865943759878064e+02
3.821635251337589239e+02
3.775855687702743921e+02
3.793456962548565912e+02
3.737508952339811117e+02
3.698151618934653584e+02
3.852521498208850517e+02
3.848463115650386044e+02
3.642166974908128054e+02
2.818712095724001188e+02
2.533739095513277562e+02
2.418023372210648176e+02
2.487698699185677356e+02
7.943479699393701594e+02
6.642345870899517877e+02
5.909936158636496657e+02
5.130389345808511052e+02
4.450314520685422508e+02
3.338663878408465848e+02
2.640278355839447499e+02
3.184626430823906276e+02
3.235092893306145356e+02
3.254018921436615415e+02
3.222423143727706361e+02
3.245026896329097212e+02
3.276936260896241038e+02
3.293119242224968275e+02
3.468419963189386976e+02
3.481195319478142096e+02
3.328171112313380604e+02
2.583438946237043297e+02
2.273490292174910508e+02
2.170715312998506477e+02
2.189660143489611812e+02
6.979702415983349510e+02
5.831613038439442107e+02
5.149283920261575531e+02
4.419899251223927195e+02
3.831965454857981399e+02
2.849532821939757810e+02
2.250556965144614310e+02
2.780086949618663539e+02
2.822201751535009180e+02
2.855222394637538628e+02
2.882594581270185472e+02
2.917835776070374436e+02
3.004598841929496302e+02
3.225749867473763857e+02
3.272990836002105652e+02
3.133918909174491318e+02
2.432859398933613306e+02
2.141529565555813122e+02
2.006511704501484985e+02
2.025693483816170612e+02
6.339476924159043847e+02
5.278147541802933347e+02
4.616491007266453153e+02
3.962161643315280912e+02
3.388549621133830669e+02
2.499473955551039239e+02
2.015123536718517414e+02
2.494258959332822769e+02
2.549260816262472247e+02
2.636125825813886081e+02
2.676283068283250373e+02
2.759276019033007969e+02
3.037639311884947801e+02
3.143140819401298245e+02
3.037135034840177923e+02
2.343770228293518301e+02
2.060809305916019980e+02
1.935240436486752742e+02
1.916527879701984602e+02
5.880223620201884387e+02
4.871067511304133859e+02
4.266682538150124060e+02
3.613112922709119630e+02
3.054899894321541751e+02
2.289772769948304472e+02
1.841747052080014555e+02
2.299381693695671629e+02
2.403574173881607123e+02
2.504679196403088781e+02
2.589021879940690383e+02
2.854338128475830558e+02
3.024777306237874086e+02
2.979327060445972961e+02
2.309455002763120604e+02
2.016784045407162864e+02
1.894978082483302160e+02
1.879437535921609594e+02
5.521998267551231265e+02
4.597090118301574648e+02
3.978132908356328130e+02
3.332357659790700382e+02
2.857428920325812101e+02
2.127931293577758822e+02
1.719260412901211907e+02
2.198163325386853444e+02
2.316709350018529676e+02
2.460696077873527940e+02
2.721707129816553561e+02
2.885651693055851865e+02
2.908677817707185795e+02
2.291831062692830585e+02
2.009581175642530582e+02
1.876942405693438047e+02
1.860916162311810069e+02
5.273508470711897189e+02
4.350234326004562604e+02
3.728672714594469539e+02
3.169880264242441399e+02
2.694714508927291376e+02
2.010105547360137166e+02
1.657016515365513385e+02
2.138115882442421309e+02
2.296789874038161656e+02
2.614473056001763211e+02
2.780610973018513619e+02
2.804013195241516883e+02
2.255172725090452275e+02
2.009678823917365662e+02
1.885892036826474794e+02
1.856094943215410353e+02
5.031175794939623529e+02
4.121618783515825157e+02
3.589143814807014223e+02
3.025079058815430244e+02
2.571892352507947521e+02
1.953309993098042696e+02
1.620110700885402935e+02
2.131709289869705515e+02
2.455369769469037351e+02
2.689401270210054804e+02
2.721901195978814485e+02
2.186822604627279247e+02
1.988057649537734619e+02
1.896572018384175067e+02
1.873125615989640664e+02
4.794900088472624589e+02
3.999160155304512045e+02
3.454334581798422050e+02
2.911935773987763696e+02
2.517449369013982619e+02
1.921300767149342619e+02
1.620266761735823593e+02
2.287720408743952305e+02
2.535341783685739472e+02
2.646159069403186663e+02
2.132128227187522498e+02
1.935711993575112047e+02
1.883333636059670368e+02
1.888457812392811661e+02
4.672188380997038735e+02
3.871292864017278248e+02
3.346085729111881619e+02
2.867930839705690005e+02
2.489609234629536729e+02
1.929889782720441644e+02
1.742734068702933143e+02
2.368110264272547738e+02
2.502825680462000548e+02
2.079312244868490609e+02
1.893201742216276671e+02
1.839209096063476068e+02
1.877935227023690743e+02
4.536481584945057079e+02
3.766459755128514644e+02
3.310871570449467640e+02
2.849823767777749026e+02
2.510892802610815409e+02
2.083086051312929783e+02
1.806156777088012007e+02
2.343429877433163995e+02
1.970510535924732665e+02
1.850416358705060418e+02
1.802742977987209940e+02
1.835793489540827466e+02
4.423672917443603296e+02
3.739151116083995134e+02
3.302331216211342166e+02
2.884986682885323148e+02
2.719545718335933202e+02
2.280461069252956747e+02
1.790871326108027120e+02
1.848030398250061239e+02
1.755989298412486619e+02
1.764659760748553765e+02
1.800236317461674673e+02
4.398690045447548300e+02
3.739756273133691025e+02
3.353226995273976172e+02
3.135086419783738734e+02
2.963886351871215652e+02
2.464403949968326515e+02
1.413793533505408675e+02
1.648794298551749762e+02
1.676066060341206594e+02
1.762348299706638102e+02
4.405340098968544567e+02
3.806023019287948728e+02
3.653914123493620423e+02
3.404283508387547386e+02
3.176828244929580478e+02
1.912991117245393582e+02
1.262523470421406273e+02
1.574971271959210242e+02
1.673450630516313709e+02
4.488304637412390434e+02
4.156148935659855397e+02
3.954064789742324137e+02
3.623418817457899763e+02
2.484429708273077892e+02
1.682653678013714966e+02
1.206833462041236089e+02
1.572104644628144570e+02
4.906334799449689399e+02
4.482338450272843033e+02
4.182015632889183507e+02
2.853213781723377451e+02
2.199279440800024474e+02
1.586209207658133948e+02
1.204547656241960993e+02
5.271252993005869030e+02
4.712610243955313081e+02
3.313248074181594802e+02
2.540681762090561335e+02
2.084543294909956899e+02
1.561773668850999286e+02
5.508486357831812938e+02
3.753064598127299405e+02
2.965762268596367903e+02
2.420367883998671061e+02
2.060656249797549151e+02
4.405029475976933213e+02
3.374469489771147437e+02
2.838234461370633994e+02
2.401414991324907362e+02
3.974339896959583029e+02
3.241918266402748827e+02
2.825203042473337973e+02
3.829758230891801531e+02
3.235848927764438940e+02
3.830349375813854635e+02
1.535930368083456415e+03
2.022155396337178445e+03
2.027293102096769871e+03
2.169422879798249141e+03
2.083558702271439870e+03
2.001370329136414966e+03
2.273772586466961911e+03
2.052476231845454095e+03
2.045284445234679652e+03
2.018723863488136885e+03
1.973598951451451740e+03
1.950112154158751082e+03
1.919738671531280488e+03
1.888421339849100377e+03
1.851090538996762916e+03
1.818582295905163392e+03
1.775814151712974763e+03
1.727847555233226331e+03
1.695165922256939666e+03
1.642978401761765326e+03
1.591683041154587272e+03
1.547691316943906259e+03
1.500960695087088197e+03
1.409085606861449605e+03
1.371966568580158764e+03
1.338240398460240158e+03
1.319754675247892237e+03
1.268299052879071496e+03
1.315371381244152644e+03
1.259039705753472845e+03
1.500062645444675354e+03
2.011614386364015900e+03
1.854695520243095189e+03
1.675915176267234983e+03
1.858467239485951723e+03
2.039333560458076136e+03
1.838600767316020892e+03
1.658661922911172269e+03
1.629945571681749698e+03
1.597034897052925771e+03
1.568950786438984778e+03
1.535482583891793183e+03
1.504887651575116479e+03
1.478016278212467341e+03
1.446334361598658688e+03
1.405604051362364544e+03
1.369335424644260911e+03
1.325795358670088490e+03
1.281293176869763784e+03
1.237075095026431200e+03
1.172827839879852036e+03
1.090300562993419362e+03
1.080376943992269617e+03
1.148043219055757845e+03
1.151122588386856478e+03
1.045146142028581153e+03
9.315657421677988168e+02
1.014768366886763602e+03
1.151734799853852110e+03
1.217802889181228920e+03
1.345016789705662859e+03
1.463457012320332296e+03
1.392236105133702495e+03
1.251499019854612243e+03
1.121202564606580381e+03
1.089831798859571336e+03
1.061296525701782457e+03
1.034938850492475922e+03
1.012560687760270753e+03
9.921278232583725867e+02
9.713471652890077621e+02
9.447910610670223832e+02
9.150545317846572289e+02
8.830913221567975597e+02
8.333765673091807002e+02
7.834448969992591856e+02
7.464155475799771011e+02
7.785988885651422606e+02
8.233215052466787256e+02
8.461717533709252166e+02
7.583901029693651026e+02
6.022175551381074001e+02
7.836730629881653840e+02
8.988687174718807000e+02
9.963158282611129835e+02
9.625780883044091070e+02
9.135158034879726756e+02
8.159557302282089495e+02
7.294364286650970826e+02
7.046671193700472031e+02
6.832524441818273999e+02
6.678547438073031799e+02
6.514815472365133928e+02
6.375034332278827378e+02
6.198495036209882301e+02
5.877590275142584915e+02
5.543619515226977228e+02
5.250998891337677605e+02
5.241435315549117604e+02
5.516899059619930767e+02
5.782617419997916386e+02
5.779595695218896481e+02
4.292492728254203485e+02
5.868023834542659642e+02
6.749279928352143543e+02
6.746782866188262915e+02
6.519613166943063334e+02
6.147148207984582768e+02
5.533373933922963488e+02
4.995305060160147832e+02
4.815130420063364340e+02
4.661808518901577258e+02
4.532230432090443060e+02
4.331346817928211408e+02
4.104532713763404672e+02
3.906278593124690133e+02
3.862519357335361292e+02
3.896154818149627772e+02
4.068812411864532805e+02
4.175410165447216286e+02
3.487784572364249698e+02
4.649996118753389851e+02
4.892019609583539363e+02
4.894589772738568740e+02
4.727478708730183143e+02
4.485316158754499725e+02
4.096648157024545185e+02
3.715517078836701899e+02
3.513027228015986907e+02
3.309954910626446463e+02
3.133520698451999920e+02
3.064797805703553877e+02
3.057906527665986687e+02
3.103161145780075572e+02
3.190280969898693684e+02
3.062605431707179378e+02
3.688892174221878690e+02
3.860530034807328548e+02
3.852050141338340836e+02
3.728465403554759519e+02
3.505347837245772098e+02
3.160836905028850197e+02
2.823513316570852680e+02
2.701530720694176466e+02
2.642562021538528825e+02
2.625451192137323346e+02
2.624517217210984654e+02
2.732402058713837505e+02
3.140651798513439985e+02
3.214362749351176376e+02
3.145152261365439017e+02
2.990810103493365659e+02
2.839168799426134910e+02
2.646178048749073923e+02
2.476642973514491359e+02
2.416326422957124578e+02
2.444133387723557007e+02
2.665596852965779249e+02
2.729016543430468573e+02
2.721924335163831756e+02
2.659617753795282624e+02
2.566251183272150342e+02
2.249521900804685970e+02
2.458570304359222973e+02
2.524353516960027548e+02
2.463225732773727941e+03
2.114728863147498487e+03
2.126196550620369180e+03
1.965635470587133568e+03
2.179453153455029678e+03
2.398343747040380094e+03
1.995006556768924611e+03
2.203473924441522740e+03
2.168513383090365551e+03
2.123653730988632105e+03
2.108996454152757906e+03
2.056701427875952504e+03
2.023104244230539280e+03
2.019152156356503383e+03
1.990282153049508224e+03
1.914575352651332651e+03
1.876571030440761206e+03
1.862517428620065175e+03
1.804052907819878101e+03
1.753209251428571633e+03
1.706566599695357581e+03
1.654827675539541588e+03
1.607015480950485198e+03
1.598778520179589805e+03
1.464003546494936245e+03
1.337925126284860198e+03
1.327642765224087270e+03
1.437021460218483071e+03
1.407402818456207569e+03
1.459546704906191962e+03
2.353331779552684111e+03
2.196448459159877075e+03
2.546255509783334674e+03
2.876818875110599492e+03
2.413290735387738550e+03
1.949293372387036243e+03
1.983787840145077325e+03
2.006291947955002342e+03
1.981524011935964381e+03
1.953160736340666517e+03
1.930854107402119325e+03
1.910486302375578816e+03
1.876765519930966548e+03
1.829669022142213407e+03
1.781508915773094259e+03
1.738650202154268072e+03
1.691764809633148843e+03
1.636716935625549013e+03
1.596750188966985206e+03
1.533094552859538226e+03
1.488331312203783909e+03
1.459001626502725685e+03
1.343944060440952398e+03
1.148193882517998645e+03
1.108439293932783357e+03
1.295195024740659392e+03
1.449841213772395577e+03
2.238527550281982712e+03
2.390170242479355693e+03
2.178209878613413366e+03
1.822443282569026906e+03
1.459299814868235444e+03
1.417630257144123561e+03
1.401255577192370993e+03
1.405668523564080715e+03
1.394861673231954001e+03
1.382566690606803149e+03
1.367810086446061405e+03
1.337441985197580379e+03
1.302801389843741390e+03
1.263978414817468774e+03
1.223416178467384498e+03
1.187228166609072105e+03
1.151561330076152217e+03
1.119601048774394258e+03
1.089840287695980805e+03
1.059006188397627739e+03
9.577583722990710839e+02
8.366048247469076387e+02
7.485283111274294470e+02
8.506725984980088242e+02
1.650505506920445669e+03
1.483243297676272505e+03
1.225995969039808642e+03
9.838593981557634152e+02
9.447074844633037856e+02
9.173456666313289816e+02
9.105556993213477881e+02
9.144911333937553763e+02
9.079403129413205988e+02
8.964792974110143859e+02
8.757445664032591139e+02
8.532711128458963685e+02
8.252100461557581639e+02
8.001524899756929017e+02
7.829857127249123323e+02
7.634614612249490619e+02
7.507926723407063037e+02
7.219147130704348001e+02
6.512459836903949508e+02
5.719946348615635543e+02
5.107876210344791730e+02
1.012387954587220179e+03
8.344618375331787092e+02
6.756642514596843512e+02
6.377287970756370896e+02
6.160752320947239014e+02
6.052580708591057146e+02
6.022033624938916319e+02
6.023863689598686051e+02
5.958771311959856121e+02
5.853105275864943451e+02
5.708498960350262905e+02
5.582382933404779806e+02
5.508930334618179359e+02
5.429492242601623957e+02
5.282626115173944754e+02
5.094019513106011914e+02
4.625211393664088178e+02
4.077212138427929062e+02
6.158737053579106941e+02
4.992037242717465233e+02
4.641287855581999224e+02
4.426072691945975635e+02
4.318845492151418171e+02
4.251115421196409443e+02
4.227001749088831843e+02
4.253527702847117666e+02
4.224376057973116758e+02
4.199600978789358692e+02
4.182698491835681125e+02
4.113846649860258822e+02
4.018388977046022887e+02
3.867227376635073597e+02
3.553600587489184477e+02
4.074443033115422281e+02
3.706486932345559921e+02
3.491010828000172523e+02
3.363676947396635342e+02
3.295391708204024894e+02
3.287062745863453870e+02
3.327697940624329362e+02
3.394061399477250234e+02
3.396040554381506809e+02
3.354680760864292210e+02
3.291394764900477981e+02
3.195125762503223541e+02
3.250763447471593395e+02
3.010562705076055749e+02
2.887514699573967505e+02
2.839112357839025549e+02
2.837111020146100486e+02
2.848322550630211936e+02
2.872820894782861387e+02
2.892794421213588976e+02
2.865209053833222015e+02
2.839573077252145481e+02
2.714106061607385527e+02
2.628844451089739209e+02
2.580836920080545269e+02
2.571014542799926517e+02
2.566981693394325248e+02
2.641807121939564240e+02
2.518650486645760793e+02
2.452664448961402854e+02
1.535930368083456415e+03
2.022155396337178445e+03
2.027293102096769871e+03
2.169422879798249141e+03
2.083558702271439870e+03
2.001370329136414966e+03
2.273772586466961911e+03
2.052476231845454095e+03
2.045284445234679652e+03
2.018723863488136885e+03
1.973598951451451740e+03
1.950112154158751082e+03
1.919738671531280488e+03
1.888421339849100377e+03
1.851090538996762916e+03
1.818582295905163392e+03
1.775814151712974763e+03
1.727847555233226331e+03
1.695165922256939666e+03
1.642978401761765326e+03
1.591683041154587272e+03
1.547691316943906259e+03
1.500960695087088197e+03
1.409085606861449605e+03
1.371966568580158764e+03
1.338240398460240158e+03
1.319754675247892237e+03
1.268299052879071496e+03
1.315371381244152644e+03
1.259039705753472845e+03
1.477031852687987111e+03
2.001498877560283518e+03
2.202148798162786989e+03
1.887370948090027241e+03
1.828218606009652603e+03
2.223058589866346210e+03
1.993907976018990439e+03
1.808724804181544187e+03
1.778661647904066285e+03
1.740441510658074776e+03
1.718233496446299114e+03
1.683359614073091961e+03
1.651876752222728555e+03
1.619542239351024136e+03
1.588893356394084321e+03
1.550349482008740779e+03
1.502918387493736645e+03
1.469770511085493808e+03
1.418315519349721853e+03
1.367012011929841719e+03
1.329491826663872644e+03
1.249275713368354673e+03
1.161239597098531249e+03
1.182612876638597527e+03
1.220732630957772244e+03
1.183123037275616525e+03
1.074999330711005996e+03
1.049542824553258242e+03
1.450032387787859079e+03
1.691184644916166917e+03
1.473777624266550674e+03
1.451197766733276467e+03
1.800080785769091335e+03
1.703653996440760238e+03
1.536296190679391884e+03
1.376987787225991497e+03
1.346327410390855675e+03
1.321681092530920978e+03
1.288879401605650855e+03
1.264118960957380295e+03
1.237767887461222927e+03
1.213913156580222676e+03
1.184116782714442024e+03
1.149516201825421604e+03
1.117854615964499089e+03
1.076452440169146485e+03
1.036556401988351809e+03
9.813248074636081810e+02
9.189416490898747725e+02
8.744212956508119987e+02
9.500613325032611556e+02
9.809543746700121574e+02
9.482467590295390210e+02
7.803220529319131629e+02
1.008426479634817611e+03
1.027222549361966912e+03
1.051052081980128378e+03
1.351428935893843573e+03
1.294794494284458551e+03
1.234139614810544344e+03
1.103529480528301292e+03
9.882409119779192679e+02
9.652578909788900319e+02
9.361390754797869249e+02
9.148737899903039761e+02
8.927498985018650046e+02
8.758532366366193855e+02
8.581287712298591259e+02
8.305634662474836887e+02
8.092257621103751717e+02
7.770203393005889438e+02
7.306489573257952088e+02
6.897196229433379813e+02
6.535133333610042428e+02
6.612970367361626813e+02
7.303776545523484174e+02
7.476135928637905863e+02
6.927104060694540522e+02
5.748959918838787644e+02
7.117491055175304382e+02
9.643754823576604167e+02
9.570105190815428386e+02
9.277125299212219716e+02
8.755181036008586943e+02
7.854953911435867440e+02
7.085170674739420065e+02
6.842411235416038835e+02
6.634857911900910494e+02
6.456950115616856465e+02
6.339251400026437295e+02
6.194985822197512562e+02
6.018782216167398929e+02
5.863156302411130127e+02
5.527151784932083274e+02
5.169068913589660497e+02
4.918781403119679112e+02
4.901496519208935183e+02
5.037233875408662698e+02
5.598739019747424663e+02
5.569377115948248047e+02
3.973794325350437475e+02
6.611013193639008705e+02
6.958002357681821195e+02
6.998427549284151610e+02
6.727843414218870066e+02
6.363519193984707272e+02
5.790700107056472916e+02
5.219438258771177743e+02
5.032071021899471930e+02
4.875057638409806486e+02
4.766364456464964974e+02
4.653106944430400631e+02
4.506324316043805993e+02
4.327766069088846166e+02
4.068854713595052885e+02
3.828735859132585233e+02
3.789524414906331913e+02
3.834310912368943036e+02
3.969248850827150932e+02
4.340801284977947603e+02
3.885155418750481431e+02
4.992874729189459231e+02
5.313047147219444923e+02
5.293792977491115153e+02
5.124111412226872062e+02
4.899893905128649294e+02
4.477752987762145267e+02
4.077740910162064552e+02
3.918059604402515106e+02
3.810272584283637798e+02
3.699063108148210404e+02
3.515340777220046675e+02
3.354550194497061284e+02
3.170554210208607060e+02
3.089202569443288553e+02
3.101842818899376084e+02
3.155016026780204470e+02
3.236063530646814570e+02
3.247787460457067255e+02
4.052914166234498907e+02
4.252037314228844593e+02
4.261793805384885445e+02
4.174253015816831862e+02
3.994856319916862049e+02
3.682261681977892067e+02
3.370097216123535304e+02
3.246197677759040516e+02
3.085705142419130311e+02
2.902888193102525065e+02
2.765473937700025999e+02
2.684335782750415547e+02
2.649287188975206391e+02
2.676827363480034592e+02
2.710194017506895534e+02
2.919665599875139606e+02
3.455557524584872908e+02
3.623141201700072429e+02
3.668793583002413357e+02
3.585400373761468131e+02
3.426558107321383773e+02
3.168069926200962527e+02
2.894289369866181687e+02
2.711100007733599568e+02
2.531082570731190060e+02
2.464195427931178415e+02
2.410308020423934181e+02
2.382846256851752571e+02
2.399968145327879370e+02
2.705472701958618131e+02
3.112091805293636071e+02
3.268972913895467514e+02
3.283131919774010612e+02
3.186830562903867872e+02
3.005287838238286326e+02
2.759270576683553600e+02
2.491501351914324971e+02
2.357757984302189698e+02
2.303616985910582855e+02
2.255780415411234401e+02
2.218151099514801388e+02
2.590794697110320044e+02
2.917611312172128919e+02
3.015235492481170922e+02
2.968129118724841646e+02
2.825109028950485026e+02
2.656619472580945853e+02
2.468073886280255351e+02
2.285251315657199882e+02
2.226094835425022040e+02
2.164665444017041978e+02
2.523070681186605952e+02
2.732324304613666754e+02
2.743259651523432012e+02
2.660237939607812336e+02
2.577355533383613420e+02
2.466893493892086440e+02
2.314144884065969450e+02
2.195660826209607421e+02
2.388301660370430000e+02
2.507473771541818905e+02
2.524392833684474340e+02
2.509259200999776738e+02
2.440945692433976149e+02
2.334596388874938384e+02
2.257037529172192762e+02
2.381589913033079995e+02
2.424309526274742552e+02
2.399437513257930732e+02
2.190583175651767647e+02
2.310927181323990851e+02
