1.962996636914475175e+03
1.736486762438862797e+03
1.674021235182985265e+03
1.626924816886794588e+03
1.855197641304652961e+03
2.016853607217151648e+03
1.678436265743816193e+03
1.832261700826058359e+03
1.766596755628247820e+03
1.765337178786942331e+03
1.753549945844805279e+03
1.705210445087990593e+03
1.688142777824207087e+03
1.684307844354425924e+03
1.658196150663795152e+03
1.595751006274371548e+03
1.569598153955236057e+03
1.564407372914548660e+03
1.528588186524442790e+03
1.476530753563709368e+03
1.436742155522943676e+03
1.402883764735353907e+03
1.362501616288354398e+03
1.362427021918522087e+03
1.278221384415198827e+03
1.138345831383548102e+03
1.156253360763033470e+03
1.217237233403587879e+03
1.197526337146730384e+03
1.236038858411204501e+03
2.302150502138093543e+03
1.970046088437129811e+03
1.940088431995755172e+03
2.244481351069328866e+03
2.523814497267358092e+03
2.058887104881343930e+03
1.878483925844169335e+03
2.006431786004801097e+03
1.897729956316681182e+03
1.915908054495806482e+03
1.875817837326532526e+03
1.850168096318069274e+03
1.838120167652285318e+03
1.810097745033425781e+03
1.759948084610726937e+03
1.714820236032089497e+03
1.681924787706462894e+03
1.646531622083590264e+03
1.594164452072192944e+03
1.553807691664117328e+03
1.497490029664372742e+03
1.446264472023817461e+03
1.437985372471960090e+03
1.367378430875164440e+03
1.151624624363971634e+03
1.081789209444274093e+03
1.287563084008535725e+03
1.356545887460857102e+03
1.336634099058781885e+03
2.243246410853967063e+03
1.944104685310141349e+03
2.336314403699984723e+03
2.647497780298855105e+03
2.235142782182404972e+03
2.003598425893356762e+03
1.719284364914340586e+03
1.837262030438375632e+03
1.742855051730853347e+03
1.743987758891586964e+03
1.719665413610761107e+03
1.699176525933842868e+03
1.686339478498781318e+03
1.640753194288609393e+03
1.599790529362257530e+03
1.559892063026326923e+03
1.509629814927233156e+03
1.471749611049886880e+03
1.433189505374793725e+03
1.385806323881124399e+03
1.325868651351373046e+03
1.317902179645048591e+03
1.254964960494368825e+03
1.081438223861021243e+03
8.933504643485415500e+02
1.042514850625249437e+03
1.250385004893689484e+03
1.349902457459603738e+03
1.997871289583934640e+03
2.169867272485591457e+03
2.516789246193695362e+03
2.130448045827626629e+03
1.996547356357591298e+03
1.694691688097048427e+03
1.419646070905398801e+03
1.536784688188166911e+03
1.443756842617631492e+03
1.456986718366778859e+03
1.433496792957621210e+03
1.420751355275281867e+03
1.399025364906586674e+03
1.360634115507739352e+03
1.327470782776713577e+03
1.278980451235791406e+03
1.236319093050397896e+03
1.211612763823387922e+03
1.171234049328473930e+03
1.128463961494194564e+03
1.117267527408504975e+03
1.067469850014016856e+03
9.275205004772444681e+02
7.569191425602172103e+02
7.692151066476910728e+02
9.421002034750157463e+02
1.153893897636301972e+03
2.119301974537464048e+03
2.224264222264694581e+03
1.914847283460283052e+03
1.804359624140247661e+03
1.615739738628847590e+03
1.341801453606765790e+03
1.119980927679288925e+03
1.210298846438297915e+03
1.144881825739244277e+03
1.154524657846989840e+03
1.140166275385137851e+03
1.122809732174959436e+03
1.105729587848079291e+03
1.077574053900288618e+03
1.038537916376145176e+03
1.000520473319206758e+03
9.736941292302432203e+02
9.482505091353033322e+02
9.150802772164684029e+02
9.184553217612093476e+02
8.772197683459986592e+02
7.683917210005606648e+02
6.182085005302377567e+02
6.095736529256847689e+02
6.566111279416389834e+02
8.407941380772914499e+02
2.103411480561645931e+03
1.645803168699745584e+03
1.575700915401611610e+03
1.426152966634378117e+03
1.255507359874046415e+03
1.037846262685023248e+03
8.554635591597740358e+02
9.353008170795667411e+02
8.836367938474486436e+02
8.981415017272749992e+02
8.811437584595419139e+02
8.672458996355318277e+02
8.586151607158216166e+02
8.279002995025491600e+02
7.975239057418324364e+02
7.737661790367119465e+02
7.508467827279092717e+02
7.315114039001897481e+02
7.383644957743944133e+02
7.178351537291948716e+02
6.317688330250920217e+02
5.035223191986573283e+02
4.812129459778481078e+02
5.015709404547442318e+02
5.699943814360256056e+02
1.533989248189639738e+03
1.341964843498970140e+03
1.236865359054452028e+03
1.106388877154438660e+03
9.707298895334361077e+02
7.897589489481364353e+02
6.527339458887280443e+02
7.162745995881108456e+02
6.828648508703137168e+02
6.918531358281386474e+02
6.779298060368972756e+02
6.720128666454792210e+02
6.602439635278883543e+02
6.372410509093014070e+02
6.178697407483709867e+02
5.990168906723351938e+02
5.839897397604946718e+02
5.975402869417437159e+02
5.847667084026587645e+02
5.263864824115771626e+02
4.159357447117421884e+02
3.879708684698122170e+02
3.895559424689978982e+02
4.280630794744479886e+02
1.252194624991285309e+03
1.061858136455283784e+03
9.709798756351975726e+02
8.697626059015481133e+02
7.495831797352960848e+02
6.072037674515784147e+02
5.009348671554942598e+02
5.577403654702852691e+02
5.299774555536027947e+02
5.380945215838145259e+02
5.322373890951323574e+02
5.241541067743928579e+02
5.166425987301490750e+02
5.027945883508008365e+02
4.879674144095624797e+02
4.764578126353194989e+02
4.907199293605777939e+02
4.871828768588620733e+02
4.420631030724155153e+02
3.531248182717641271e+02
3.229499581197627549e+02
3.145413375291045668e+02
3.315537817331136239e+02
1.005994250862202421e+03
8.531375217258722614e+02
7.844601760793697167e+02
6.925655649357059929e+02
5.908040084715518105e+02
4.743831123344906473e+02
3.957832027058457811e+02
4.409721682465028607e+02
4.196388578539283003e+02
4.326222757595748476e+02
4.258614657522432481e+02
4.207841618502919232e+02
4.191881836943588269e+02
4.100562362344903136e+02
4.015638936492487119e+02
4.155712998497065200e+02
4.161852914117730506e+02
3.837108301611307297e+02
3.049434449750617091e+02
2.793790340670014984e+02
2.657937153183485748e+02
2.704484706899633011e+02
8.301266041994218767e+02
7.132611608195815052e+02
6.481565807353738364e+02
5.670329591959651907e+02
4.772759900006754492e+02
3.846449269622958695e+02
3.199762727902040638e+02
3.582280096592385803e+02
3.464515520698456044e+02
3.571150724750992254e+02
3.529941611392504797e+02
3.525837504512521718e+02
3.545007218184447879e+02
3.513458380122996800e+02
3.655744115306789581e+02
3.676599140463285380e+02
3.429731647534854346e+02
2.739241073420850512e+02
2.473567659987746197e+02
2.350843474399938202e+02
2.329367341104425861e+02
7.174709546097146813e+02
6.123401199048297485e+02
5.517388689844008240e+02
4.782219303641304009e+02
4.020699013669513420e+02
3.202550143980846542e+02
2.667807668914892361e+02
3.048445997449428546e+02
2.944680611857931467e+02
3.057465835064916746e+02
3.058697269660463576e+02
3.088776385229131733e+02
3.156310432888114406e+02
3.337496217762499100e+02
3.372321084564874809e+02
3.161899096215559553e+02
2.535087468590969877e+02
2.285371670912349487e+02
2.133529020139017405e+02
2.105859602726491175e+02
6.364816475839766099e+02
5.401027155733173686e+02
4.837487086320905405e+02
4.204844751105720775e+02
3.475341680373941813e+02
2.749595984720306205e+02
2.332948124259373515e+02
2.668077990297246629e+02
2.589779637673802313e+02
2.729078357509739590e+02
2.767086265239271938e+02
2.842224835716064604e+02
3.106769139768526315e+02
3.194282052845562134e+02
3.013215675203384194e+02
2.409358506400990336e+02
2.171685565423684068e+02
2.020926244777324428e+02
1.952263554722912033e+02
5.770984029484695839e+02
4.889646834126392605e+02
4.402893899378499896e+02
3.774483762976873322e+02
3.085613577950085755e+02
2.471437625823730002e+02
2.091374482740405654e+02
2.405087380486386053e+02
2.364141848092685052e+02
2.532854165572648526e+02
2.616200549466981897e+02
2.876391971498400721e+02
3.058344004934278928e+02
2.944969864019950023e+02
2.355913766185381917e+02
2.109048545810460382e+02
1.962019968751828571e+02
1.885245172537984217e+02
5.346899059566268306e+02
4.568368583269395913e+02
4.063749572657870885e+02
3.456824907626926802e+02
2.854500865130826810e+02
2.266297115326460982e+02
1.920787758619605938e+02
2.238384472950358770e+02
2.234140743580587696e+02
2.442701507096698492e+02
2.704217296715594330e+02
2.890495652652653007e+02
2.885096624699449421e+02
2.349351586677603052e+02
2.098167071204177603e+02
1.936783951150254381e+02
1.858228012651699146e+02
5.084732431497606626e+02
4.300695061784250015e+02
3.801339228525648650e+02
3.277890269102177285e+02
2.676211956311054792e+02
2.117585231865707556e+02
1.812599713154770882e+02
2.147066375002493714e+02
2.183332924261345340e+02
2.561714723346502183e+02
2.758589526678374568e+02
2.772829220661588465e+02
2.334417573417047436e+02
2.119235735695666278e+02
1.950683995346796280e+02
1.853738333824118172e+02
4.848182579176195190e+02
4.081057206706057627e+02
3.661963730316999204e+02
3.128857190582531871e+02
2.540910464775105027e+02
2.024121584919223267e+02
1.756718075336320624e+02
2.121138639399960368e+02
2.311444706069061397e+02
2.639385752087543437e+02
2.678961767924221249e+02
2.266368545782430601e+02
2.123750664463215685e+02
1.987332333392416217e+02
1.880704637672741626e+02
4.641475491663394450e+02
3.972131083752943823e+02
3.533338436718465232e+02
3.008086327641136677e+02
2.456983739630948378e+02
1.981145468967386023e+02
1.748345658365882116e+02
2.262817844239667693e+02
2.396881466168499912e+02
2.584647402442081443e+02
2.205700228021845817e+02
2.073894009592281975e+02
2.002167597244104513e+02
1.924746465106632627e+02
4.545218387882845263e+02
3.858548096860025112e+02
3.421035404210280717e+02
2.934336232480848139e+02
2.425859661756544483e+02
1.986479600233544431e+02
1.874859849358215058e+02
2.359729654093229669e+02
2.361470589336819330e+02
2.138431103588287385e+02
2.026464331441435149e+02
1.961718184561278804e+02
1.943377264579648624e+02
4.431835745485359439e+02
3.751838466112897663e+02
3.352799147280957186e+02
2.916039081242659563e+02
2.448305052396175938e+02
2.142598323812920285e+02
1.962839952491795259e+02
2.338205524229036598e+02
1.960736881637398312e+02
1.969437596282858181e+02
1.920813145573814325e+02
1.905884450697476211e+02
4.318788321696296748e+02
3.687129912757463330e+02
3.343083358301523162e+02
2.957585839021983816e+02
2.654398270974573961e+02
2.374011514807607170e+02
1.954064952977572318e+02
1.949215589691561661e+02
1.809031386332444242e+02
1.868568926353007384e+02
1.866382526564652835e+02
4.249869209704642685e+02
3.683846600181546478e+02
3.399230738560960958e+02
3.218450508166179134e+02
2.932329102470014845e+02
2.582297662067931583e+02
1.634527134280672271e+02
1.802208330318914307e+02
1.717383236662120680e+02
1.814623604729314366e+02
4.250192143416696240e+02
3.751605171666870433e+02
3.705907603268765342e+02
3.544211357690014097e+02
3.169592937217224176e+02
2.126746959943147033e+02
1.514052742309446273e+02
1.712858959413916011e+02
1.666682896605025803e+02
4.332024296475456708e+02
4.095266780867720513e+02
4.064408239621106418e+02
3.808123502373243809e+02
2.632811269005528629e+02
1.941298534823447142e+02
1.440418765693211753e+02
1.662162226910194818e+02
4.732020418270996629e+02
4.473696480742810309e+02
4.339576967857603336e+02
3.186684006051855249e+02
2.419354366738660360e+02
1.821556081702045731e+02
1.397666801255749647e+02
5.149167754727685633e+02
4.748858838524237740e+02
3.652024796258960464e+02
2.944330259924138318e+02
2.282019343387138690e+02
1.743808846875045049e+02
5.436215090354295398e+02
4.015962486093320649e+02
3.388235565775991063e+02
2.789326265327176770e+02
2.192785438932687327e+02
4.616954403167506484e+02
3.739283734595527449e+02
3.220293929559032904e+02
2.688538755467116061e+02
4.311847803523286871e+02
3.563908900599992080e+02
3.110836124789183259e+02
4.119389128382487684e+02
3.449270802968852081e+02
3.993165830516333585e+02
1.367383054794268219e+03
1.678927333769408051e+03
1.728329988952550593e+03
1.804482366088712070e+03
1.785117050083284994e+03
1.769730547205614585e+03
1.949867507158546232e+03
1.733341928080444859e+03
1.760057082060791345e+03
1.723034632507858078e+03
1.689678952942983187e+03
1.674440385400066361e+03
1.645791319648080844e+03
1.620481893803594403e+03
1.589031865954611249e+03
1.562491088055067166e+03
1.528168313412929592e+03
1.494192879219808901e+03
1.463653651392487973e+03
1.423796962723777369e+03
1.380528892596942569e+03
1.341176767634936596e+03
1.307675792180990811e+03
1.235831297219613589e+03
1.195083582384903139e+03
1.194213280500148812e+03
1.146554832822903563e+03
1.109447672122842960e+03
1.136913716501080671e+03
1.097519278322389937e+03
1.440483690278829499e+03
1.772577275456963662e+03
1.647144457944078340e+03
1.613211126765544577e+03
1.780305021232738227e+03
1.830231525202768580e+03
1.662283602314136033e+03
1.567260462116911640e+03
1.536026642581430451e+03
1.492391745519652659e+03
1.467327270975555621e+03
1.431928669030836772e+03
1.401750455671622376e+03
1.376990345036538656e+03
1.349036876590973634e+03
1.312265620755433247e+03
1.276926756677946742e+03
1.237329720996367087e+03
1.196876069949423481e+03
1.157623442280777681e+03
1.098752983645578297e+03
1.018384814107593229e+03
1.008064587017022859e+03
1.081891173525662907e+03
1.080444353226223939e+03
9.679103149465030356e+02
8.571073870853643939e+02
1.025976124860822210e+03
1.149917207249333615e+03
1.236914864280897746e+03
1.345113038398677872e+03
1.409164069219219755e+03
1.313677507214953266e+03
1.227966383973015354e+03
1.134591725287780037e+03
1.100536559328359090e+03
1.060190621402919987e+03
1.032107334462346898e+03
1.006120055145956826e+03
9.846374392510050484e+02
9.645028841392979757e+02
9.375414093217904110e+02
9.069227690952280909e+02
8.756576538754461581e+02
8.271353202258038664e+02
7.745001707467383767e+02
7.397550960146538728e+02
7.700183279026562104e+02
8.179697970423826519e+02
8.389018756791772375e+02
7.559120631742763408e+02
6.725768494893789011e+02
8.303901078031483394e+02
9.404425104268933637e+02
1.007094364981339027e+03
9.627597330411123266e+02
9.243465509503864723e+02
8.473634522272928962e+02
7.767232279586213508e+02
7.484844353170941531e+02
7.169869348381314467e+02
6.991770732622468358e+02
6.807246193202936411e+02
6.634229465429905304e+02
6.438367340066932911e+02
6.118738535491784205e+02
5.741695791677337866e+02
5.443020855247949612e+02
5.430899232212068455e+02
5.701623416035665741e+02
6.026497808782088441e+02
6.042222222768042457e+02
4.886966899837518099e+02
6.348012081251789596e+02
7.038594876259124931e+02
6.972807174477713943e+02
6.848247351151026123e+02
6.463985412062185105e+02
5.918976421373745325e+02
5.442678478451218780e+02
5.233256712242532558e+02
5.010347269408359239e+02
4.855465792847898001e+02
4.629261183962948962e+02
4.364037932627745704e+02
4.156136835000937708e+02
4.109584598587042592e+02
4.139301645823285867e+02
4.317312747912444024e+02
4.471194541144228083e+02
3.922281694981949158e+02
4.942437387463877485e+02
5.116225893268672280e+02
5.181125251466012287e+02
5.031841272603756465e+02
4.763194894323598305e+02
4.395423549380562349e+02
4.039394765068930724e+02
3.812715678952160943e+02
3.549723171926931968e+02
3.361536323568425360e+02
3.279314848501480810e+02
3.266312837460579317e+02
3.314614905683737902e+02
3.415379478452636590e+02
3.313680746262337493e+02
3.855238712384959285e+02
4.053514515645836696e+02
4.062392321071841934e+02
3.945151161049485040e+02
3.700180590588125256e+02
3.351051068419197350e+02
3.028473612694844519e+02
2.895356126344419749e+02
2.804827570917200887e+02
2.781036830641209008e+02
2.784519517634595900e+02
2.861032341877383942e+02
3.264977583624212798e+02
3.345158141510960945e+02
3.282967194716964627e+02
3.135938062506055530e+02
2.964451199869768061e+02
2.768775221549099683e+02
2.606518742642800817e+02
2.544128910401849737e+02
2.537123703209372252e+02
2.755672902528787631e+02
2.820381106869361361e+02
2.815262450875098352e+02
2.749434596588428121e+02
2.642033667600911144e+02
2.322085739616733520e+02
2.519131124135953428e+02
2.584007754599792861e+02
1.962996636914475175e+03
1.736486762438862797e+03
1.674021235182985265e+03
1.626924816886794588e+03
1.855197641304652961e+03
2.016853607217151648e+03
1.678436265743816193e+03
1.832261700826058359e+03
1.766596755628247820e+03
1.765337178786942331e+03
1.753549945844805279e+03
1.705210445087990593e+03
1.688142777824207087e+03
1.684307844354425924e+03
1.658196150663795152e+03
1.595751006274371548e+03
1.569598153955236057e+03
1.564407372914548660e+03
1.528588186524442790e+03
1.476530753563709368e+03
1.436742155522943676e+03
1.402883764735353907e+03
1.362501616288354398e+03
1.362427021918522087e+03
1.278221384415198827e+03
1.138345831383548102e+03
1.156253360763033470e+03
1.217237233403587879e+03
1.197526337146730384e+03
1.236038858411204501e+03
2.022289608059460079e+03
2.038695694911978762e+03
2.377200213316761165e+03
2.451453987253970809e+03
2.079518560448717380e+03
1.852609817033237732e+03
1.856489862482233775e+03
1.818567067868668346e+03
1.799698438860843680e+03
1.776338275556838880e+03
1.752202204455072888e+03
1.738238958542176761e+03
1.710370074431008788e+03
1.664146248139416002e+03
1.622093867719911032e+03
1.582764937658615509e+03
1.543173628789402073e+03
1.499231358306170023e+03
1.457826611453445821e+03
1.403926451244255759e+03
1.363613259956300226e+03
1.341781208292473593e+03
1.242870565960027307e+03
1.044262322182692515e+03
1.004015025545936737e+03
1.194117667001524524e+03
1.315012633514605341e+03
2.191930807606501276e+03
2.218749007601884387e+03
1.952466135633099611e+03
1.744467896868550724e+03
1.491324721989089312e+03
1.443572973508665427e+03
1.387054716508286674e+03
1.382164176154820325e+03
1.364133317187171315e+03
1.350847098859195512e+03
1.335490199551025626e+03
1.306013376195500314e+03
1.273240003359529283e+03
1.235910389121228263e+03
1.194662913929771094e+03
1.162280887025040101e+03
1.130826353241417110e+03
1.099219644874298183e+03
1.067875647441101819e+03
1.037898206447774555e+03
9.418348126480420888e+02
8.099481126285811570e+02
7.252966807740991726e+02
8.192294551062688015e+02
1.602282552418068917e+03
1.465376003950900667e+03
1.268009934103145042e+03
1.074353973806148360e+03
1.025700535381582995e+03
9.719434648051982322e+02
9.579754701781627091e+02
9.525824349605519501e+02
9.418635815751342761e+02
9.298327712764165653e+02
9.095040852999129584e+02
8.862016069955169542e+02
8.567293812831741207e+02
8.298272515031882222e+02
8.122965097932552681e+02
7.953253590873902112e+02
7.775642582165628482e+02
7.460757495042612391e+02
6.764561209853843593e+02
5.860578492514532627e+02
5.245150638509005603e+02
1.056264776819661620e+03
9.025885361839157213e+02
7.653964387276290608e+02
7.191742461950334473e+02
6.778616658292487500e+02
6.627404911638604972e+02
6.536463460742578491e+02
6.492495679553909440e+02
6.416292275297743117e+02
6.307746723204645605e+02
6.140236459126937234e+02
5.993414470481536682e+02
5.894048011614845564e+02
5.802884362746794977e+02
5.639895835854198367e+02
5.430753098342652265e+02
4.942548869489863819e+02
4.316100556727724324e+02
6.718509367642035386e+02
5.656353160402244384e+02
5.259965210118019741e+02
4.915442358118003767e+02
4.771565566859723617e+02
4.671424222027780502e+02
4.621229151954113945e+02
4.624548366491886782e+02
4.574769011152210965e+02
4.534987343684301209e+02
4.493574834364592903e+02
4.410091885806381811e+02
4.299985347806695586e+02
4.142211156213330128e+02
3.807518661559271891e+02
4.500937328526544547e+02
4.117453042151865361e+02
3.823320174215648990e+02
3.669434196996862738e+02
3.576524155322230740e+02
3.554854499514004260e+02
3.576555080837246692e+02
3.615406795204346508e+02
3.598804540602261568e+02
3.555980292368755045e+02
3.481782793604743347e+02
3.376571077223938460e+02
3.500975777360927168e+02
3.212748197738525846e+02
3.077087232653766478e+02
3.011563624723189037e+02
2.993339171349808794e+02
2.999506074450115989e+02
3.009106391065951698e+02
3.014268801125172672e+02
2.977358191559040392e+02
2.952768690539022600e+02
2.823489613811852337e+02
2.733166166883985397e+02
2.679322866779229457e+02
2.661920849143237433e+02
2.653761535558605829e+02
2.710745785614959686e+02
2.589998156693616806e+02
2.521150747503920115e+02
1.367383054794268219e+03
1.678927333769408051e+03
1.728329988952550593e+03
1.804482366088712070e+03
1.785117050083284994e+03
1.769730547205614585e+03
1.949867507158546232e+03
1.733341928080444859e+03
1.760057082060791345e+03
1.723034632507858078e+03
1.689678952942983187e+03
1.674440385400066361e+03
1.645791319648080844e+03
1.620481893803594403e+03
1.589031865954611249e+03
1.562491088055067166e+03
1.528168313412929592e+03
1.494192879219808901e+03
1.463653651392487973e+03
1.423796962723777369e+03
1.380528892596942569e+03
1.341176767634936596e+03
1.307675792180990811e+03
1.235831297219613589e+03
1.195083582384903139e+03
1.194213280500148812e+03
1.146554832822903563e+03
1.109447672122842960e+03
1.136913716501080671e+03
1.097519278322389937e+03
1.399759543996540287e+03
1.821529968132042086e+03
1.883595428621257724e+03
1.714202442158586109e+03
1.777520388784939087e+03
2.000781942019153576e+03
1.754948688327796390e+03
1.682535507610688683e+03
1.648943886116400108e+03
1.598484272028656505e+03
1.581623140778621519e+03
1.547853152960695297e+03
1.515106321387302842e+03
1.487036512190475150e+03
1.459678274567879953e+03
1.424345162158611174e+03
1.384391535763791353e+03
1.350020868142737754e+03
1.306058894778686408e+03
1.262169359586585415e+03
1.224283990525912941e+03
1.157714850446758646e+03
1.070206248707602526e+03
1.088501384989463986e+03
1.147091428389122484e+03
1.084461828035869303e+03
9.781940579646860670e+02
9.574533857945132240e+02
1.388311296447830273e+03
1.503231992498372620e+03
1.425808477955206399e+03
1.493255746491260425e+03
1.722250215353686144e+03
1.542776129723287568e+03
1.467863937266426547e+03
1.356757734866563396e+03
1.323018097485811268e+03
1.286229570697013742e+03
1.252748308825295908e+03
1.225154347709252306e+03
1.197602794502962979e+03
1.173345246726811638e+03
1.145450311781724622e+03
1.114290238466693381e+03
1.082175308216971416e+03
1.040105674823003255e+03
1.004124073817406043e+03
9.526709092466758193e+02
8.890547329526615385e+02
8.451466785111033460e+02
9.161758130904839845e+02
9.641687208779261482e+02
9.114683160146062164e+02
7.490795748774598906e+02
9.991664284785973678e+02
1.056449053725617659e+03
1.138722020844073086e+03
1.359113110068705282e+03
1.239460019513989209e+03
1.212767272094135024e+03
1.114943423584869379e+03
1.026215806485671237e+03
1.000651004937860876e+03
9.596661451846305226e+02
9.354383660809311323e+02
9.096483345986406448e+02
8.902521183468857089e+02
8.715828972389274441e+02
8.461569868610448566e+02
8.217253438962624159e+02
7.883429352941490151e+02
7.436561578224770983e+02
6.974245274334242595e+02
6.644773783907387497e+02
6.700687478415439955e+02
7.364789911853143849e+02
7.698296895079109845e+02
7.039301984137418913e+02
6.546146194466567749e+02
8.140952095781104845e+02
1.012877576307947947e+03
9.544038120435834571e+02
9.555245419393349948e+02
9.041358436627068613e+02
8.292236022937639746e+02
7.670232925519479750e+02
7.384012955283191104e+02
7.070428269699971224e+02
6.863531868783758227e+02
6.711103488259238929e+02
6.547148078577206434e+02
6.362684064676969911e+02
6.186042350625085646e+02
5.834521605329224485e+02
5.440035090280871373e+02
5.164345495814484366e+02
5.163659930468205630e+02
5.298200084687235858e+02
5.865640311350224465e+02
5.980954267416599350e+02
4.971036678216116798e+02
7.232552181389188490e+02
7.138713447444649773e+02
7.397229849158861725e+02
7.170614079559271659e+02
6.782756164052210579e+02
6.286898789859734507e+02
5.761867565509199949e+02
5.531759826064509298e+02
5.298854129795591916e+02
5.167823843407514914e+02
5.023886141384007260e+02
4.866137741969789658e+02
4.668400368516658432e+02
4.369068412584857128e+02
4.120299650951970420e+02
4.062807314124302707e+02
4.116095480975309897e+02
4.259323079925645743e+02
4.669379033682520230e+02
4.525717792822840124e+02
5.224498166146183848e+02
5.670231228568691222e+02
5.689125179122153213e+02
5.535520635064701764e+02
5.292492572190178635e+02
4.876879335222840268e+02
4.487636918518837774e+02
4.302800461770767129e+02
4.142117775285798871e+02
4.010756075827639506e+02
3.812165989244834350e+02
3.619945641980591517e+02
3.424954665643451222e+02
3.339309286627470215e+02
3.331818281517822129e+02
3.397264074084006893e+02
3.495396091692123264e+02
3.486168836971909286e+02
4.325795935706684077e+02
4.539377854421791767e+02
4.569230069518071105e+02
4.500612778886500678e+02
4.277261681271296538e+02
3.954668043124209476e+02
3.653183237554111997e+02
3.515787502036173464e+02
3.314695570125874156e+02
3.113107409693648151e+02
2.966153320004594889e+02
2.877112239184432951e+02
2.835596676330326318e+02
2.846441504796309232e+02
2.895092761936072634e+02
3.115965730469536652e+02
3.643367843770340073e+02
3.821810073511492760e+02
3.893370976015164047e+02
3.800667211073860585e+02
3.602715041384283836e+02
3.344735682916082169e+02
3.084158394799948724e+02
2.882140708327690390e+02
2.683025814838553629e+02
2.608672968245642778e+02
2.543124779947484910e+02
2.509139186089686859e+02
2.514761961123357423e+02
2.824068689667624881e+02
3.232129938942768490e+02
3.410762037625046332e+02
3.423555483220712858e+02
3.314731075501158557e+02
3.116331969641844921e+02
2.873357527693226530e+02
2.617325423760927379e+02
2.478767152243297005e+02
2.401260705220365139e+02
2.343163972856987982e+02
2.300419847663144992e+02
2.669981935818962029e+02
3.010803811376756016e+02
3.104023518295270492e+02
3.049691352513113998e+02
2.908412398976610120e+02
2.737097546016117349e+02
2.548458869792563917e+02
2.371298625911838656e+02
2.302371111011296989e+02
2.224015635427853397e+02
2.601341609643083643e+02
2.800026598123592976e+02
2.797168546251321004e+02
2.723575642539421438e+02
2.646916807930027176e+02
2.519963341535649306e+02
2.366941190649307600e+02
2.254452650803698930e+02
2.460957557927371511e+02
2.561325309816626259e+02
2.574635181052091752e+02
2.561801764108770385e+02
2.488743978460972244e+02
2.374500413519046162e+02
2.324204836293287713e+02
2.431174367187777534e+02
2.469500074792166799e+02
2.442252240985698393e+02
2.255635624571129654e+02
2.364750636728786901e+02
