9.082304833330505289e+02
8.588375401830725195e+02
8.411479350826665495e+02
7.864718324743608946e+02
9.379234255080295952e+02
9.457483761798662272e+02
8.205952841048851951e+02
9.001399237138454055e+02
9.052827633195033741e+02
8.939554895469693747e+02
8.945127043218672043e+02
8.781865888753875424e+02
8.801376113183794132e+02
8.869218277551154870e+02
8.839753445997886274e+02
8.601005948229259275e+02
8.582169697110279003e+02
8.676124298825459391e+02
8.642215580592979904e+02
8.445177012248391293e+02
8.395706443829911905e+02
8.344689743275766887e+02
8.271108899481538401e+02
8.483217179088021567e+02
8.255299662349409573e+02
7.483550744147526075e+02
7.840956998398241922e+02
8.090092362895452425e+02
7.978034279845456922e+02
8.137472337753122247e+02
1.081878087181679348e+03
1.008387972801805404e+03
9.026774014898402356e+02
1.055854193130419844e+03
1.266140650285210313e+03
1.063255906347256087e+03
9.103244656990085559e+02
1.005793150623961083e+03
1.008512816061691865e+03
9.978932168426337057e+02
9.887031507985404915e+02
9.787902937781279888e+02
9.813971514813042631e+02
9.721481866459255343e+02
9.532607763149829907e+02
9.356824940620161897e+02
9.269228908783455836e+02
9.159538954139623002e+02
8.977221249169801922e+02
8.813888798963910176e+02
8.595923424167900748e+02
8.433631364136931552e+02
8.556307823888832900e+02
8.483803232008286841e+02
7.078165458692564016e+02
6.688332706450391925e+02
8.259323720156412492e+02
8.457966803950209851e+02
8.169817210142718977e+02
1.145079975117151434e+03
9.670316988433111192e+02
1.119770228193506227e+03
1.347492688679239336e+03
1.328912906846496298e+03
1.072655159662437654e+03
8.908649238728934279e+02
9.918860073707788843e+02
9.992305025143274406e+02
9.823531277479399932e+02
9.757224488723564946e+02
9.649429057639815710e+02
9.647296320823038513e+02
9.403150595830901466e+02
9.192368306850067938e+02
8.981170449026690221e+02
8.759612968236473307e+02
8.573968355561189583e+02
8.397291448483263139e+02
8.124820759419119440e+02
7.863258507961107853e+02
7.946083440843731296e+02
7.865747610941489256e+02
6.677468927811022468e+02
5.392909080636563885e+02
6.361740402680186435e+02
7.910582647966058403e+02
8.081331578389933838e+02
1.011251898050278442e+03
1.134117546630607876e+03
1.347992567704156272e+03
1.329025429186363681e+03
1.258872124803059023e+03
9.863318407127829914e+02
8.072414622530254746e+02
9.090401945188760919e+02
9.127055834332606992e+02
8.997376567964298602e+02
8.908301838574053590e+02
8.824409435345751263e+02
8.719201616090114157e+02
8.452083472875732468e+02
8.222055424973470963e+02
7.928901164474656298e+02
7.690299397172763065e+02
7.525581553057430710e+02
7.266878690470631454e+02
7.020150869262329252e+02
7.054926891166207952e+02
6.987183910631254093e+02
5.939690964529402208e+02
4.698159140818517017e+02
4.688773669646076883e+02
5.812757515324552742e+02
7.228642366622581221e+02
1.139373005555260988e+03
1.315066337063494302e+03
1.271885023309768712e+03
1.204873180940771363e+03
1.116017311032450834e+03
8.620864320335125512e+02
7.036590510780624754e+02
7.937132968934374730e+02
7.999197400305149586e+02
7.868563268571640492e+02
7.814222715140704167e+02
7.663638071624758368e+02
7.537204132148865483e+02
7.290395904506215174e+02
7.004748396316364278e+02
6.729397710774402412e+02
6.540174579040051412e+02
6.325876511765612804e+02
6.110619668303369281e+02
6.184668223830570923e+02
6.125101518912712208e+02
5.221968508099134851e+02
4.042775837817201818e+02
3.875596515178366417e+02
4.111537452036728837e+02
5.232031600682347516e+02
1.286571810510810792e+03
1.206825726754667357e+03
1.119771775614441367e+03
1.043155131206673559e+03
9.570272536622284179e+02
7.368460611573118513e+02
5.968058794603783781e+02
6.776986476410299929e+02
6.825619445469441189e+02
6.752344223629828548e+02
6.641152792912419045e+02
6.484264275275554610e+02
6.386607374295621185e+02
6.119979343938302918e+02
5.861429102066229007e+02
5.649101396063183529e+02
5.449124292988352636e+02
5.288257123971060309e+02
5.376131164525854729e+02
5.393002845604340791e+02
4.617252850478992059e+02
3.526931027760892334e+02
3.255106348864159713e+02
3.309404688790988303e+02
3.644099590542494411e+02
1.159409861337757548e+03
1.044384977309178794e+03
9.561524031905919401e+02
8.866545849348790398e+02
8.128837492667282731e+02
6.194246398405625769e+02
5.015097804991083308e+02
5.710045763520334958e+02
5.796278265012091424e+02
5.688612900552797100e+02
5.569046737514836423e+02
5.459575749374205316e+02
5.344429790381982457e+02
5.118466798307673571e+02
4.921419828280639308e+02
4.721429982252093396e+02
4.588502743256943290e+02
4.710404742930041380e+02
4.754390505082952814e+02
4.140326555792878480e+02
3.141950022952818244e+02
2.823142767420175687e+02
2.750929619023703481e+02
2.904372788989365972e+02
9.944800607486080253e+02
8.871898116624761315e+02
8.115893072089188536e+02
7.555684748900059731e+02
6.853667281670556122e+02
5.196884248457251942e+02
4.202107452989871490e+02
4.839700664175990710e+02
4.879590782548708034e+02
4.773200535253007502e+02
4.701375780736711363e+02
4.590146765476608266e+02
4.501442922093081620e+02
4.339831877248391834e+02
4.164345930397704478e+02
4.035520377546766895e+02
4.172182044211739935e+02
4.262493330146681956e+02
3.737819055268918191e+02
2.860779888610742319e+02
2.530303263131736458e+02
2.390111823233314112e+02
2.413736255360599046e+02
8.460220407079340248e+02
7.567635052678523380e+02
6.978857345981331264e+02
6.445354332446212311e+02
5.803106677710079566e+02
4.374929005037865863e+02
3.571367601352087604e+02
4.097352681213161532e+02
4.120610379318409286e+02
4.067734222742564043e+02
3.995622673633838531e+02
3.912654670362996967e+02
3.870966960209339049e+02
3.740302604231885084e+02
3.633109469489027106e+02
3.759334415846079764e+02
3.879151448871479602e+02
3.448597371846018973e+02
2.633242529353489090e+02
2.331762667232433159e+02
2.162886298950942887e+02
2.111935595135573465e+02
7.287800183768111992e+02
6.593293967732113288e+02
6.046091289135308671e+02
5.549725293956333871e+02
4.956709641813575331e+02
3.754464067144749606e+02
3.048621178768171376e+02
3.497973630088415007e+02
3.557016543185730484e+02
3.508846362073966247e+02
3.458534893231949354e+02
3.420211160634211751e+02
3.401877048272831416e+02
3.338831693195872958e+02
3.473798420634293507e+02
3.591584212280396855e+02
3.231854225523081254e+02
2.484748761980396239e+02
2.178542995779451701e+02
2.018735972070414562e+02
1.932435943307809509e+02
6.452923925078827097e+02
5.811118701662886679e+02
5.303453488466674344e+02
4.840270269806170518e+02
4.331174211987797094e+02
3.245711754329180394e+02
2.633265073883387117e+02
3.066139514460708710e+02
3.117626874423824574e+02
3.088923293693476353e+02
3.076126550800597101e+02
3.063980173162125311e+02
3.101622160793879175e+02
3.273625098673102798e+02
3.406387927200802324e+02
3.073922140504734557e+02
2.380328231037036630e+02
2.090347449435430462e+02
1.912094720808370880e+02
1.824763818854218584e+02
5.792141043441804413e+02
5.191596631429805484e+02
4.722376463875017407e+02
4.326396076365007843e+02
3.817260324412473551e+02
2.842934691858122278e+02
2.341332808425054282e+02
2.732134915868709868e+02
2.789192575815596911e+02
2.794240239656045333e+02
2.806026698165752578e+02
2.846737088351281386e+02
3.105864239574983117e+02
3.284797203117539084e+02
2.986482316432735615e+02
2.308193421171791329e+02
2.034149200736181911e+02
1.860668677875731305e+02
1.747569689266262287e+02
5.267898784519564970e+02
4.710711714836202759e+02
4.309386672938435368e+02
3.898697077198999636e+02
3.407887710787958895e+02
2.565174507440510183e+02
2.115919387168621881e+02
2.482165454441843053e+02
2.561181913478690149e+02
2.590540629950464222e+02
2.650313161121745225e+02
2.901288229626189832e+02
3.173533418975725908e+02
2.938733836204792738e+02
2.280317127931803327e+02
1.998746457574162889e+02
1.833150382581908957e+02
1.718364300842127079e+02
4.863073883940296582e+02
4.375136715712615683e+02
3.958009017080626677e+02
3.552702828930578107e+02
3.131857367083760550e+02
2.349785442723100743e+02
1.946143470672359683e+02
2.310125643487247658e+02
2.406959607988176515e+02
2.481005956757837794e+02
2.740660734435916197e+02
3.007877161138429187e+02
2.883780891418010697e+02
2.274633717401051740e+02
1.996454501008117290e+02
1.819053879530296740e+02
1.707333146955172367e+02
4.586279965253106639e+02
4.080727100982533671e+02
3.667295327799782285e+02
3.326256073939545104e+02
2.914680479541382851e+02
2.186072238022110241e+02
1.829956456783843350e+02
2.196619894105794515e+02
2.331208529487488192e+02
2.596021497058770819e+02
2.874610248022049745e+02
2.767383572494708801e+02
2.254997391739598527e+02
2.008718780757777438e+02
1.831231600956834882e+02
1.704740642463042946e+02
4.333110715419946359e+02
3.830133497297193230e+02
3.483353591159459484e+02
3.143328062530471811e+02
2.746485132710481025e+02
2.074964329025342238e+02
1.755183088951711170e+02
2.147696510020389553e+02
2.462235781246131694e+02
2.748284734606565394e+02
2.671300232826898196e+02
2.181384030974890607e+02
2.003693130570967185e+02
1.853245568483363002e+02
1.723966979112521472e+02
4.109967474044548794e+02
3.677451885096591582e+02
3.329244942316688594e+02
2.997394876891616491e+02
2.633590706693034349e+02
2.006033895913399761e+02
1.727834257100461173e+02
2.286223827421162014e+02
2.626040564763609382e+02
2.574668406256276398e+02
2.119230552675397234e+02
1.947495554167089438e+02
1.855797523193912184e+02
1.749971207856849844e+02
3.980114642253122383e+02
3.543632639524410024e+02
3.201638447911767003e+02
2.900852952213825802e+02
2.567505224147204785e+02
1.987488285202535678e+02
1.849620270115314611e+02
2.453665077929428548e+02
2.476730507968019595e+02
2.053353299775275786e+02
1.899053517302966441e+02
1.808849130604668289e+02
1.755207382174967847e+02
3.859800028454066023e+02
3.428126403423099759e+02
3.118286601914572884e+02
2.849232756656944616e+02
2.560758845690481280e+02
2.139050916220398335e+02
1.994091196543819535e+02
2.327840396475235138e+02
1.984181758249315521e+02
1.845585490370626189e+02
1.767590923597127244e+02
1.712380818347111813e+02
3.751108070304627518e+02
3.353555726532920858e+02
3.078319790009185226e+02
2.858503122841333379e+02
2.771417006883502836e+02
2.439581020213074680e+02
1.900411321843277506e+02
1.872621798260764479e+02
1.788081529258113562e+02
1.720693584879943501e+02
1.674158623099039858e+02
3.681923036312804243e+02
3.322155844875716184e+02
3.100533345385696293e+02
3.108869466541152065e+02
3.152505424289522580e+02
2.538653602033996037e+02
1.533793882261564363e+02
1.691740881616302943e+02
1.669547793169210195e+02
1.630194156529723841e+02
3.657500801855263148e+02
3.355355962430183467e+02
3.383273006893522279e+02
3.527976488190050190e+02
3.259034844690355044e+02
2.016344820600168362e+02
1.388328629689969773e+02
1.581939499934524349e+02
1.582136265610407690e+02
3.702399262798319342e+02
3.670004216653171625e+02
3.827730634607876254e+02
3.626110941567039845e+02
2.610346622329621482e+02
1.797859402077475579e+02
1.299685350474165375e+02
1.499663621130420097e+02
4.057756913372056147e+02
4.138794711526791730e+02
3.911130015289390371e+02
2.925701259084876256e+02
2.342735785821699892e+02
1.659613335808037959e+02
1.232292027124131550e+02
4.562670617654692364e+02
4.205256503294541517e+02
3.174284819790333358e+02
2.640647740468439792e+02
2.173878827077616052e+02
1.552526777042253343e+02
4.612707266956649050e+02
3.430085880374884937e+02
2.877956377645639350e+02
2.461385469009585734e+02
2.041469213585160958e+02
3.779635844791911836e+02
3.121731786844358112e+02
2.692194427928560572e+02
2.319133847798536294e+02
3.451695812314629279e+02
2.929089567999158703e+02
2.543155838267030333e+02
3.247647270960012520e+02
2.772927291565466135e+02
3.080558543039473420e+02
7.913790458385127522e+02
8.579284843549479547e+02
8.764313834971196684e+02
9.439317210602775958e+02
8.766014288575347564e+02
8.865696007170448638e+02
9.707994381146404521e+02
9.126937221092521213e+02
9.094204210178975245e+02
9.056740053901970668e+02
8.921545471919371266e+02
8.906586256743463537e+02
8.825861226528262478e+02
8.771057685728557090e+02
8.673296620771501466e+02
8.621422234168397836e+02
8.519793837896347668e+02
8.440469605798500652e+02
8.351034301607841144e+02
8.258062926829337584e+02
8.113784643166724209e+02
8.021014658642758377e+02
7.969551831158649975e+02
7.684477274153127837e+02
7.575587371633978364e+02
7.846383832579452928e+02
7.489035829045916444e+02
7.338695328871699530e+02
7.545593259649616584e+02
7.433097222925830465e+02
8.748289749660239067e+02
1.013040721780666559e+03
9.373584166661528343e+02
8.494132789714261662e+02
9.475307306818966708e+02
1.039853237613932151e+03
9.777592271964379051e+02
9.002980012767710605e+02
8.814850482043044622e+02
8.716425041178363244e+02
8.582943282671882343e+02
8.414111930829745916e+02
8.256706108455118738e+02
8.148282641385429770e+02
8.016074023537693165e+02
7.833432676060484710e+02
7.644781333118958173e+02
7.449776309204420386e+02
7.262948438583963480e+02
7.090534502625172308e+02
6.792603687229972138e+02
6.283287063829344561e+02
6.281104198737739353e+02
6.937943428934308940e+02
6.991917896209148466e+02
6.220361861573200031e+02
5.709158260181180822e+02
7.357703339569666241e+02
7.296584436984217064e+02
7.527589666570423788e+02
8.327234965409692222e+02
8.974267444796237214e+02
8.838938078276684109e+02
8.137460497828908501e+02
7.454047820644626654e+02
7.215367399357284057e+02
7.042267427379426863e+02
6.854984271958667250e+02
6.694184048793092643e+02
6.549292034574809804e+02
6.417318080855113749e+02
6.231824573079837819e+02
6.035786536012093393e+02
5.839435003752522562e+02
5.542709772575125271e+02
5.149708867960123371e+02
4.888219596739779718e+02
5.101387707497469819e+02
5.535925497934890700e+02
5.729999856737530308e+02
5.347974420380288620e+02
5.419621817793045011e+02
6.027461615822852536e+02
6.730099383226634018e+02
7.259251221004667514e+02
7.211605678343477166e+02
6.954144044296065204e+02
6.357017950601708662e+02
5.787627169153132627e+02
5.559048420894970377e+02
5.391288709275605697e+02
5.245014751386086118e+02
5.102336748886047531e+02
4.965293553726185678e+02
4.817646969789299192e+02
4.577638144816701811e+02
4.252927623591911015e+02
3.996489700685666548e+02
3.959449587773239045e+02
4.155497153604275695e+02
4.464188861809908531e+02
4.586723340616036353e+02
4.460145058965276235e+02
5.230661825810252594e+02
5.740258864618343750e+02
5.783201272085399296e+02
5.643524224292395957e+02
5.393597571295554189e+02
4.937314609357779318e+02
4.515296309736957028e+02
4.326842079476760432e+02
4.184299391350063502e+02
4.050132649649499399e+02
3.865662139731558682e+02
3.611946052172138479e+02
3.409026793335380603e+02
3.337524910568877203e+02
3.340393198313007588e+02
3.486678894537944302e+02
3.706835647327504262e+02
3.911204462114357057e+02
4.509759272198905364e+02
4.662494372221236176e+02
4.623213511329802259e+02
4.495929319153682400e+02
4.306513337082744783e+02
3.973544320844548565e+02
3.639135498478491400e+02
3.430063742543980538e+02
3.206546706476343616e+02
3.018977417366437521e+02
2.926666358992125083e+02
2.894764906312307744e+02
2.926010774965933479e+02
3.045423324154824058e+02
3.496434369103860718e+02
3.798350179044747392e+02
3.869557609687008721e+02
3.831589928680500634e+02
3.729405822676900470e+02
3.537380712754734873e+02
3.190869474416568892e+02
2.865223467659486118e+02
2.728233041150443796e+02
2.658368294771150318e+02
2.630197329322797373e+02
2.646742697574879912e+02
3.095651745112491540e+02
3.287322345610268712e+02
3.299516507291071434e+02
3.195330325729904075e+02
3.051545102492543720e+02
2.910060197630485277e+02
2.716483403193672075e+02
2.551656338328707534e+02
2.501615780060751888e+02
2.717743965901140086e+02
2.799786412319016904e+02
2.815871931891227860e+02
2.789773390718662540e+02
2.734589531793949959e+02
2.661808822883613743e+02
2.470320594033920827e+02
2.582086854495339026e+02
2.623297170643006666e+02
9.082304833330505289e+02
8.588375401830725195e+02
8.411479350826665495e+02
7.864718324743608946e+02
9.379234255080295952e+02
9.457483761798662272e+02
8.205952841048851951e+02
9.001399237138454055e+02
9.052827633195033741e+02
8.939554895469693747e+02
8.945127043218672043e+02
8.781865888753875424e+02
8.801376113183794132e+02
8.869218277551154870e+02
8.839753445997886274e+02
8.601005948229259275e+02
8.582169697110279003e+02
8.676124298825459391e+02
8.642215580592979904e+02
8.445177012248391293e+02
8.395706443829911905e+02
8.344689743275766887e+02
8.271108899481538401e+02
8.483217179088021567e+02
8.255299662349409573e+02
7.483550744147526075e+02
7.840956998398241922e+02
8.090092362895452425e+02
7.978034279845456922e+02
8.137472337753122247e+02
1.027742239741594403e+03
9.793793311416737879e+02
1.161403858536607459e+03
1.301078631081055391e+03
1.142610091521926734e+03
9.447021664546791726e+02
9.601709595113862861e+02
9.933837801229493607e+02
9.865339630376531659e+02
9.759404634291471439e+02
9.666112946387485181e+02
9.648773860443460535e+02
9.542750714850149052e+02
9.330616791920004971e+02
9.135326336614084539e+02
8.975661847165822564e+02
8.815515928533637862e+02
8.635421044680009572e+02
8.438055485099315547e+02
8.197592980453155178e+02
8.084177383124693961e+02
8.144900095258711872e+02
7.738945012977860642e+02
6.408699826974296911e+02
6.157789854796870941e+02
7.547059038455136033e+02
8.156627930632300831e+02
1.206373341153356705e+03
1.292267319046104831e+03
1.245162253739090602e+03
1.073817734503882548e+03
8.859720103336729835e+02
8.519948168602214764e+02
8.561298876645885230e+02
8.638785201733227268e+02
8.577305729208493403e+02
8.476532861819019899e+02
8.400492643972564792e+02
8.208954387462522391e+02
7.991044660954410119e+02
7.743763373585920817e+02
7.500963949603439005e+02
7.297353182471539412e+02
7.103720387370062781e+02
6.916136818365960153e+02
6.803811585221229734e+02
6.695122174513012396e+02
6.143208708702841250e+02
5.158406464573274661e+02
4.508314658497803293e+02
5.072272861669093800e+02
1.124431312056866091e+03
1.045300600512178107e+03
8.949610379602354442e+02
7.439556462272880708e+02
7.053013038307964280e+02
6.881176772899830212e+02
6.829865042277906468e+02
6.848107591682714883e+02
6.767343702258795020e+02
6.653447846431698736e+02
6.479258757498430441e+02
6.281303827984647796e+02
6.052025229635471533e+02
5.844852180651081426e+02
5.702746452651597338e+02
5.592561172972393706e+02
5.483352150468529089e+02
5.280602266698786025e+02
4.801758243013296692e+02
4.039920996238873840e+02
3.500347270380407281e+02
8.431046584552428840e+02
7.222721864422824183e+02
6.053653502045242476e+02
5.673120077056582886e+02
5.476427568684346170e+02
5.339233424370017929e+02
5.285082511988106262e+02
5.246995867815505790e+02
5.163231767867599729e+02
5.035136448806990757e+02
4.877595053366791831e+02
4.739540124872863771e+02
4.652824261810985149e+02
4.562149696792289433e+02
4.421795737617987925e+02
4.245464753723258582e+02
3.859042775101894449e+02
3.266604403356629973e+02
5.903629450189157524e+02
4.962598579227502000e+02
4.609087091981913318e+02
4.408576052653239117e+02
4.266599562530722665e+02
4.157402191542002470e+02
4.095676640434460865e+02
4.082125706206805944e+02
4.019748915369492011e+02
3.964817969406772136e+02
3.907300513040137844e+02
3.810737675783029772e+02
3.694439949385174486e+02
3.540797864719761492e+02
3.234979377277539925e+02
4.201754088658063324e+02
3.866947301403652091e+02
3.669945789255742739e+02
3.520147473599566297e+02
3.416434921050435491e+02
3.365561574673989185e+02
3.377547000328993931e+02
3.399691293675616066e+02
3.358975789790584940e+02
3.285659730714658053e+02
3.196684337645800724e+02
3.078949793700684268e+02
3.391175332849731490e+02
3.186815225690434090e+02
3.057175874079101732e+02
2.994896519684039617e+02
2.962260004592790779e+02
2.940924199320472212e+02
2.926639338762433908e+02
2.908509899437017907e+02
2.848991729423347010e+02
2.943620153388877725e+02
2.834463420634841668e+02
2.748859681787835143e+02
2.687296786089224270e+02
2.649701116781681662e+02
2.610572072811434623e+02
2.690741795671423233e+02
2.584298266091442997e+02
2.510758012209949754e+02
7.913790458385127522e+02
8.579284843549479547e+02
8.764313834971196684e+02
9.439317210602775958e+02
8.766014288575347564e+02
8.865696007170448638e+02
9.707994381146404521e+02
9.126937221092521213e+02
9.094204210178975245e+02
9.056740053901970668e+02
8.921545471919371266e+02
8.906586256743463537e+02
8.825861226528262478e+02
8.771057685728557090e+02
8.673296620771501466e+02
8.621422234168397836e+02
8.519793837896347668e+02
8.440469605798500652e+02
8.351034301607841144e+02
8.258062926829337584e+02
8.113784643166724209e+02
8.021014658642758377e+02
7.969551831158649975e+02
7.684477274153127837e+02
7.575587371633978364e+02
7.846383832579452928e+02
7.489035829045916444e+02
7.338695328871699530e+02
7.545593259649616584e+02
7.433097222925830465e+02
8.244054280510490571e+02
9.839772682768013965e+02
1.050420266774728816e+03
8.996565061319662391e+02
9.027052540271694170e+02
1.064099323446490416e+03
1.012196179891620886e+03
9.341532741262994932e+02
9.172166954688867690e+02
9.043158834670822444e+02
8.973196022938273018e+02
8.826475333959750742e+02
8.672039690471060567e+02
8.549664821444862355e+02
8.442335116358791538e+02
8.282235863038307571e+02
8.097007405981808006e+02
7.931778051202990127e+02
7.736246450273787332e+02
7.551465468400572263e+02
7.396217656745229760e+02
7.080746841583439846e+02
6.555111397107133371e+02
6.771586364566745715e+02
7.434842705189502112e+02
6.893032876114427836e+02
6.229946898837977187e+02
6.409164350609125904e+02
9.024160226856811278e+02
9.575277102506166784e+02
8.168556231996858514e+02
8.227074270659024933e+02
9.864850732558708160e+02
9.900937151183695732e+02
9.141950363536396935e+02
8.371832252488046606e+02
8.149784139694984333e+02
8.049924029474753979e+02
7.848690240586369100e+02
7.683822916310253959e+02
7.513931382581191656e+02
7.389314553439950259e+02
7.218394699121564599e+02
7.026986644336373047e+02
6.821993832947321152e+02
6.594754127428558377e+02
6.397502886507583071e+02
6.107333956754451947e+02
5.657438037439868594e+02
5.372490066923998029e+02
5.917315653602469183e+02
6.485317140187926270e+02
6.002622064286990735e+02
5.042440620393285258e+02
7.645382587902280420e+02
6.809068482339094999e+02
7.017774208963437559e+02
8.579842654772070318e+02
8.706934622031370736e+02
8.431605315656636321e+02
7.731087419715274791e+02
7.060204199741021966e+02
6.870003430980657413e+02
6.672252332014654712e+02
6.489838935032171321e+02
6.313018695541703664e+02
6.179886293311313921e+02
6.038284542575565865e+02
5.848423764571474521e+02
5.667988072854249140e+02
5.450297202801548337e+02
5.155820664468394625e+02
4.789280408541537213e+02
4.520995190984569376e+02
4.545725360059239506e+02
5.076578964931338760e+02
5.540480938996265650e+02
5.063240979490253153e+02
5.200658488299773126e+02
5.688930925528358102e+02
7.175354178619957111e+02
7.396355683942721271e+02
7.245677088403921289e+02
6.954387698279252845e+02
6.366099105012565360e+02
5.852601895726540988e+02
5.613591631956485344e+02
5.429898593604925736e+02
5.260227148576411764e+02
5.141151293859912812e+02
4.996231021015752276e+02
4.842894927343750169e+02
4.691429429006460623e+02
4.429487264791245025e+02
4.089088220264368942e+02
3.843855591339147395e+02
3.802055118339239925e+02
3.892126007935868870e+02
4.382386798830401062e+02
4.750486882285078423e+02
4.301190523598989444e+02
5.789914274434171375e+02
6.153470810438525405e+02
6.123370923559964467e+02
5.953451094308968550e+02
5.700899687262759699e+02
5.278882611463476451e+02
4.813520895857795381e+02
4.601068479345577771e+02
4.444725574386677636e+02
4.326732333886462811e+02
4.196820250819295666e+02
4.050488035312934016e+02
3.872988314661536151e+02
3.593853598878190496e+02
3.356965281632116671e+02
3.275754675395698996e+02
3.288958927487477695e+02
3.401064218745340213e+02
3.839863540293614506e+02
4.419242491486301674e+02
5.006192165253700637e+02
5.129778738064480876e+02
5.074730024731204594e+02
4.943723308934177112e+02
4.781969649724220517e+02
4.403354150712737578e+02
4.028354844917529931e+02
3.847180459180151502e+02
3.735398227484527638e+02
3.607525265966048664e+02
3.423917933894530279e+02
3.214691055531020538e+02
3.020610039021754574e+02
2.920284146925239952e+02
2.891179856249277691e+02
2.928356725713444462e+02
3.041458539473281917e+02
3.910699416154714640e+02
4.249945650322986239e+02
4.335806199604300559e+02
4.303447288228427396e+02
4.241947087670150154e+02
4.072060689112329328e+02
3.759810414189790890e+02
3.456163708275162776e+02
3.319114539233664800e+02
3.152672625596817397e+02
2.937769065365060328e+02
2.776382752439636192e+02
2.678563708179075888e+02
2.627067059211321975e+02
2.626479304972035038e+02
2.676555832442482483e+02
3.435482593951164745e+02
3.694183492204337540e+02
3.775085883619149740e+02
3.795055567228838527e+02
3.706907613445112020e+02
3.548530281626113378e+02
3.290500684520256982e+02
3.022407632373734145e+02
2.805564974050352589e+02
2.619467460959492087e+02
2.530367628557891635e+02
2.463632111921370722e+02
2.427975986432231252e+02
2.442573675044934305e+02
3.102746845742800588e+02
3.319142089168802841e+02
3.424083605001627006e+02
3.401390514382021024e+02
3.301735939697865092e+02
3.131031717496949796e+02
2.870928139850773277e+02
2.598410183961158850e+02
2.454445072577406108e+02
2.385479711544434451e+02
2.331457858670396774e+02
2.302409050074544723e+02
2.891738197076196570e+02
3.096898059410056590e+02
3.138772319168064655e+02
3.063824750200571998e+02
2.916580706030555348e+02
2.760271644431275604e+02
2.565135652276575797e+02
2.379858921357745203e+02
2.308472670195342857e+02
2.257561953033737439e+02
2.776937582859465010e+02
2.876106281763487118e+02
2.830424607682629699e+02
2.735178412539205510e+02
2.661234689837382916e+02
2.553415604708780506e+02
2.400631832948048157e+02
2.286654241383235728e+02
2.592039051096863886e+02
2.619516700040936144e+02
2.605343492994684880e+02
2.579831265619865235e+02
2.514821394097391760e+02
2.424194644455745049e+02
2.435929194600691972e+02
2.488332686655874966e+02
2.506975523844329246e+02
2.476161025602886241e+02
2.363958531860940866e+02
2.431948775402622118e+02
