1.956100485483514376e+03
1.729604428963668170e+03
1.663088446029814577e+03
1.616451635228433815e+03
1.841977190624596233e+03
1.999043762658980768e+03
1.661482281909109133e+03
1.803930627399422747e+03
1.744401350203631864e+03
1.745903274262742798e+03
1.735310438804460091e+03
1.690819048922669253e+03
1.673792036409413186e+03
1.670418011831872491e+03
1.645799584203693939e+03
1.582611933964935588e+03
1.554996166602281164e+03
1.551141238022751395e+03
1.513496941350426141e+03
1.460337501371499457e+03
1.421641729437188133e+03
1.390714198255134079e+03
1.349971288977561926e+03
1.349486035988075628e+03
1.264403999380541336e+03
1.126850871898984678e+03
1.144444767684894032e+03
1.206775023495938058e+03
1.187022439353211439e+03
1.229971316197377064e+03
2.328743085361859812e+03
1.971173054615221645e+03
1.926821005386262186e+03
2.225425443442987216e+03
2.505133770453273883e+03
2.049132496208613702e+03
1.875221475983201799e+03
2.011998661688803622e+03
1.895497872263533054e+03
1.918168673845786770e+03
1.876171383050161694e+03
1.851804770606266629e+03
1.838317076748856152e+03
1.808876724462360244e+03
1.758380572319700150e+03
1.714349810710221163e+03
1.683480882425183836e+03
1.648632549486473408e+03
1.597884690466119309e+03
1.558309376041167525e+03
1.497514806445041359e+03
1.445585426464375132e+03
1.440420330083948102e+03
1.372139458009513646e+03
1.154553330435879161e+03
1.082404070610189137e+03
1.287544730401810966e+03
1.364764571988486296e+03
1.350117155436098301e+03
2.273199766644963347e+03
1.961536577513941438e+03
2.351832523952477459e+03
2.661532386118208251e+03
2.252602902473820450e+03
2.024765876883080637e+03
1.741193471851672484e+03
1.864432258447657659e+03
1.766330934421065649e+03
1.766057782583667858e+03
1.740931001385722539e+03
1.719257606177508478e+03
1.708027424922490809e+03
1.661416762889235770e+03
1.618123677068881989e+03
1.578966588073986259e+03
1.532168523801199399e+03
1.491119738492650185e+03
1.451603141481376952e+03
1.404503113067670256e+03
1.344189063636957599e+03
1.336711226989289344e+03
1.271156129810605762e+03
1.095045758359259025e+03
9.051596359886831351e+02
1.055574410333946389e+03
1.269740164819418396e+03
1.364797567430702884e+03
2.017351861555235473e+03
2.200108790897659219e+03
2.545422639538081057e+03
2.151344361515282799e+03
2.021966723698779333e+03
1.716997022079305225e+03
1.438635652350895498e+03
1.560337175163515667e+03
1.462154097163215738e+03
1.473708696061008368e+03
1.451403750400426816e+03
1.437867078043125048e+03
1.418822839578903086e+03
1.378630362978338553e+03
1.343113363906662698e+03
1.295323033092183323e+03
1.253696339949853382e+03
1.223895758054677572e+03
1.183209949096138871e+03
1.143347463982238423e+03
1.133137458321356689e+03
1.077816065802187040e+03
9.361700441969924213e+02
7.649282452774813237e+02
7.783678971505296431e+02
9.543282669424551159e+02
1.164245456181183727e+03
2.132256575215293196e+03
2.243024859223833573e+03
1.925661028168546636e+03
1.814677652349457730e+03
1.625265181204779765e+03
1.351658191882687561e+03
1.127295689656014474e+03
1.218192732155429894e+03
1.150063059923875926e+03
1.159580153319390547e+03
1.146722430961591044e+03
1.129224192841951890e+03
1.113557742754658193e+03
1.084014499419171443e+03
1.043566236525947033e+03
1.004943064666020064e+03
9.773246142070451015e+02
9.491805072116842439e+02
9.175214221514037263e+02
9.221482785360785783e+02
8.783585313713414280e+02
7.685869449446689714e+02
6.188330007081733584e+02
6.104766825276649342e+02
6.587286031654307408e+02
8.389531429368674935e+02
2.093871738614149308e+03
1.641801767212707546e+03
1.572308592833099283e+03
1.419077804306213920e+03
1.252413252127340229e+03
1.036203877568671714e+03
8.521175302395705558e+02
9.319977859692864968e+02
8.805778517885377141e+02
8.943603791475102298e+02
8.791822931142394282e+02
8.644294271556597096e+02
8.563236786573095287e+02
8.253669127176366374e+02
7.939592103391698856e+02
7.688850377195919918e+02
7.465520907835094704e+02
7.263999736819323516e+02
7.329090915801875781e+02
7.115801985614613159e+02
6.271163092736229601e+02
4.988228180057724330e+02
4.765874438072912653e+02
4.970781133660938735e+02
5.627676480841528246e+02
1.511551632041635457e+03
1.329117316476682163e+03
1.221764914562432978e+03
1.093496319888801509e+03
9.606936821468077596e+02
7.819127536765871582e+02
6.451836906697047880e+02
7.097338235611189248e+02
6.765626195972511141e+02
6.849773692492140071e+02
6.717953825426837966e+02
6.645582336802930286e+02
6.532348328950329233e+02
6.309836645434839966e+02
6.110596917298587414e+02
5.923676218618995790e+02
5.781340713731917731e+02
5.897342975644115768e+02
5.771837969560295960e+02
5.201415479639824753e+02
4.095271850740491573e+02
3.808895077243514038e+02
3.830402571182873430e+02
4.198556453472247085e+02
1.230368871301782747e+03
1.044669667974477989e+03
9.566251934484934054e+02
8.560475432410889880e+02
7.386104120504235198e+02
5.992570579255483381e+02
4.945809427574042729e+02
5.518227258428361210e+02
5.247421943231267960e+02
5.315532637231223134e+02
5.254375964681545383e+02
5.162173751437550209e+02
5.096426377174373670e+02
4.973486672264163531e+02
4.835145156928887786e+02
4.721157237940113305e+02
4.855833521180488219e+02
4.825754637316717321e+02
4.383544760040177266e+02
3.470708414845784660e+02
3.159888501224712627e+02
3.082332438360871265e+02
3.257697715623749559e+02
9.871182972996163016e+02
8.413171779052954662e+02
7.731333288089105054e+02
6.822306864573421308e+02
5.832810013838538907e+02
4.700199870966360436e+02
3.919695999159540065e+02
4.380111889537968182e+02
4.169164534019388952e+02
4.279870846069758841e+02
4.205709291554298943e+02
4.153303512336520384e+02
4.151208629708233957e+02
4.086360006557917472e+02
4.009487523071584292e+02
4.140217130854169909e+02
4.165826161213113323e+02
3.839006512915136113e+02
3.013671427158476490e+02
2.735780069623813233e+02
2.609212701581949432e+02
2.675383010046838308e+02
8.202665680972552309e+02
7.060893494527164194e+02
6.420894418510127934e+02
5.621800084260895574e+02
4.747589682494755152e+02
3.836695397183258365e+02
3.191485197139515435e+02
3.582506197298152983e+02
3.462808765209738908e+02
3.548989707284479778e+02
3.508509503066078992e+02
3.510147336246607210e+02
3.547329230715757262e+02
3.535977404757211957e+02
3.680543614903768912e+02
3.724727419053696167e+02
3.470812143414789830e+02
2.726896529536826961e+02
2.437398562314800188e+02
2.318057576550508543e+02
2.327056628184761280e+02
7.129757346757162395e+02
6.105124891206447728e+02
5.514705748223587989e+02
4.782999898616314454e+02
4.028698190771441432e+02
3.221303729650086325e+02
2.681654376813892213e+02
3.070209413050122862e+02
2.964040740446132531e+02
3.067459852600558747e+02
3.074416975453433452e+02
3.112959720587705306e+02
3.187585116101428184e+02
3.383040594287080580e+02
3.455844191684908537e+02
3.230890609031745839e+02
2.540120068491218603e+02
2.262706873400584584e+02
2.119226274351950110e+02
2.124264462629826369e+02
6.369412445522582402e+02
5.432925192477904375e+02
4.873822020162481294e+02
4.227273798720651712e+02
3.503864961138158378e+02
2.784375032083707424e+02
2.358325611781941689e+02
2.703279151590737683e+02
2.634632848727755459e+02
2.772628191494084149e+02
2.815030213153411296e+02
2.887185001312017789e+02
3.150739662177775813e+02
3.287394610363983816e+02
3.097528023095828758e+02
2.422577848374755547e+02
2.154337084395207569e+02
2.012985539127267032e+02
1.987857439757228804e+02
5.817269086460586323e+02
4.945578275516004965e+02
4.446033873326361459e+02
3.802611138570454727e+02
3.119486469607631420e+02
2.509701283948135142e+02
2.120992659658606669e+02
2.458373068232532717e+02
2.434947997104117405e+02
2.602424577168444557e+02
2.676336136721945422e+02
2.926385311435454923e+02
3.138699231239477285e+02
3.019693510429711978e+02
2.366662485904836615e+02
2.089488223706036649e+02
1.951521038605290528e+02
1.923664735076319516e+02
5.403055840843213673e+02
4.615771370370276827e+02
4.098333081243463880e+02
3.476607083558907902e+02
2.880119890984112203e+02
2.301113612513269118e+02
1.959871773011248308e+02
2.310878754116508844e+02
2.323431335048027790e+02
2.518795295574844886e+02
2.763141122613390621e+02
2.968578373925333835e+02
2.933312912826513070e+02
2.338932754427059137e+02
2.067046619949370267e+02
1.917715899059829496e+02
1.890111290836225351e+02
5.117185362017765442e+02
4.327247348299479768e+02
3.816587481765740222e+02
3.276374646629662379e+02
2.688505050723933891e+02
2.157114241854730210e+02
1.863079198722655008e+02
2.231823689280134886e+02
2.274073833645756224e+02
2.633704613609462513e+02
2.839269807152859926e+02
2.809613803282464346e+02
2.293712822570498986e+02
2.061054397651667500e+02
1.915000027515211514e+02
1.874112249194176343e+02
4.847760885869728327e+02
4.080237064761394663e+02
3.646705832898513222e+02
3.104687533897406411e+02
2.553215507375896323e+02
2.071907279218993381e+02
1.813260406151369182e+02
2.202052521221604309e+02
2.396199618493435821e+02
2.729778124629900731e+02
2.711546597806969316e+02
2.212394120249304876e+02
2.033559877841624939e+02
1.921701788720990294e+02
1.882701332776863978e+02
4.605981755062821890e+02
3.934785180309895054e+02
3.490114137870972968e+02
2.980889131408760022e+02
2.475365551206189991e+02
2.031738853799111837e+02
1.797993190677450457e+02
2.333192629099060298e+02
2.496303483649265331e+02
2.623431163139316027e+02
2.146045736634682726e+02
1.970335678031398459e+02
1.904158620633081114e+02
1.896282357971888928e+02
4.466473584947732434e+02
3.790949623356248139e+02
3.375244688541747564e+02
2.912859852326714076e+02
2.444088575335420046e+02
2.025649176331565684e+02
1.911587499305074687e+02
2.440154109361581334e+02
2.408834087275214415e+02
2.083766010967171667e+02
1.917505351230588815e+02
1.850698828319061136e+02
1.883086213894080458e+02
4.320282770591176131e+02
3.684126769206863514e+02
3.315479332804819705e+02
2.893219628631522937e+02
2.449175348531433656e+02
2.162792233480722643e+02
2.003988736423229113e+02
2.362494761736620035e+02
1.917557328846376095e+02
1.866065747793232106e+02
1.804972550073935338e+02
1.832885632886730320e+02
4.210766396382978201e+02
3.631888946300654766e+02
3.306376424686475275e+02
2.912442711380495552e+02
2.625824811924800315e+02
2.396017503520432115e+02
1.945079499429878922e+02
1.884951327790212474e+02
1.719576685046259286e+02
1.759037737262837027e+02
1.788957906877183746e+02
4.159729994011404415e+02
3.632187942124418214e+02
3.338780041362007864e+02
3.134238730616654038e+02
2.897520901911769897e+02
2.535969967034861270e+02
1.554549138411483682e+02
1.692801860386558133e+02
1.622147986394482473e+02
1.743911492713274356e+02
4.167013042238169760e+02
3.676148893857583175e+02
3.602679611798125165e+02
3.447380900688150973e+02
3.043043913166885091e+02
1.992756183302692534e+02
1.397652063996487470e+02
1.598439304502855123e+02
1.608007680066242528e+02
4.223134236040103247e+02
3.974860142370000631e+02
3.948956971839126027e+02
3.596297823719950202e+02
2.409159557829053995e+02
1.764456758370388911e+02
1.320773750968611751e+02
1.584640025571855517e+02
4.571962891260650395e+02
4.342018793030205757e+02
4.093383894652421304e+02
2.867361381215181950e+02
2.146789832046840161e+02
1.644134981582927821e+02
1.309527134902985779e+02
4.976367176575336089e+02
4.474141535600736574e+02
3.282979803650421786e+02
2.570167376282109331e+02
2.011065435405797075e+02
1.608307261309610112e+02
5.098030406937162979e+02
3.606334574960997656e+02
2.957217211326845927e+02
2.419813227068305821e+02
1.975386480392849649e+02
4.126371712889090873e+02
3.262198026365967962e+02
2.795989324982449489e+02
2.385960443792173464e+02
3.745426313483907848e+02
3.095465965258991332e+02
2.765677242235755671e+02
3.564496398210789607e+02
3.070188877937999905e+02
3.543046171049454074e+02
1.365622809096229958e+03
1.681418710409413961e+03
1.726181558378810223e+03
1.796965841562453306e+03
1.775407898667620657e+03
1.759675416637355966e+03
1.935681553836938065e+03
1.721405754320788219e+03
1.746190208966916316e+03
1.712104732659258843e+03
1.680506867700742532e+03
1.665984821300846534e+03
1.638310642258792996e+03
1.613396694693225754e+03
1.581837099845207376e+03
1.555531191044403386e+03
1.521211827748685209e+03
1.486248196988463405e+03
1.456052083988602817e+03
1.415726121546746299e+03
1.372972910719287938e+03
1.333943625063911213e+03
1.300972943304962882e+03
1.228537070384345498e+03
1.188222459746235018e+03
1.186874692015725714e+03
1.140283870388379682e+03
1.104661855686246554e+03
1.137624580733313451e+03
1.101333132786025544e+03
1.462429486522453544e+03
1.783422844761237684e+03
1.653216476394609799e+03
1.617596150574426929e+03
1.786582648101428958e+03
1.835170346536176112e+03
1.669586657559917512e+03
1.575196009365508871e+03
1.545654664067050135e+03
1.500770601993606306e+03
1.475948850687804907e+03
1.439414549834659510e+03
1.409269263302204308e+03
1.384980604124390084e+03
1.356809273085236782e+03
1.319591365625064554e+03
1.284390631432663895e+03
1.244653733343768636e+03
1.204037565568140280e+03
1.164740623846371363e+03
1.105634794380801623e+03
1.023802923553892697e+03
1.012632258642819124e+03
1.086256526942045411e+03
1.084786198103031211e+03
9.738352163154642085e+02
8.721646808765686956e+02
1.035870140767867724e+03
1.156958812587603234e+03
1.244838608076813443e+03
1.353673273408665182e+03
1.417211441989155674e+03
1.321727588191526138e+03
1.236037433990889440e+03
1.142578371349467488e+03
1.109165097570702073e+03
1.067943829285328775e+03
1.039322245757472501e+03
1.013586396205272422e+03
9.913845000501190725e+02
9.711290395727736495e+02
9.442177611005090512e+02
9.132726660747090364e+02
8.816806059646548874e+02
8.328231261543381834e+02
7.791634351854487477e+02
7.435742308007777410e+02
7.732432585291012401e+02
8.204574270240814258e+02
8.381768107249363311e+02
7.563767473977144391e+02
6.707803127101169594e+02
8.296844683010845074e+02
9.418459701271807489e+02
1.009300491516832949e+03
9.644342591892634573e+02
9.263100237299231594e+02
8.486790541737135527e+02
7.777710647902119945e+02
7.499068037892161556e+02
7.181540522902396333e+02
6.996741329432927614e+02
6.813057561145633372e+02
6.641897077704032881e+02
6.448457477790906296e+02
6.123151117893984292e+02
5.743371505145270248e+02
5.443996594040841046e+02
5.428840831379408201e+02
5.682205784372609969e+02
5.982418795048372431e+02
5.965496480093543141e+02
4.851059347429269337e+02
6.325334878242711056e+02
7.025892772833597064e+02
6.959834062643241168e+02
6.831236201074443670e+02
6.443645697310888636e+02
5.900922296438121748e+02
5.424863629826957094e+02
5.215974637462865076e+02
4.993446686237149947e+02
4.838125321294861578e+02
4.611832045700646177e+02
4.347146805380431829e+02
4.140832804206153241e+02
4.093563814216511219e+02
4.117839530028721811e+02
4.277932655783191080e+02
4.406948863242787979e+02
3.906940498505374535e+02
4.926768816366403030e+02
5.104427923681479342e+02
5.166717783714242387e+02
5.011209428568532189e+02
4.743801203095681558e+02
4.376448859561226072e+02
4.021026410633564865e+02
3.795793274030112343e+02
3.533957467901585119e+02
3.345388915077146521e+02
3.266018568902633774e+02
3.252395856402671939e+02
3.293236051765546790e+02
3.376963801460707941e+02
3.321977554578435274e+02
3.860663728488947299e+02
4.054317436880123751e+02
4.054797139078423243e+02
3.932467145311191530e+02
3.686094642289855301e+02
3.337727089013416730e+02
3.015717411979410940e+02
2.886334519362119977e+02
2.800616503065069764e+02
2.776757163351298914e+02
2.772171159721734170e+02
2.886446063108492694e+02
3.276726677469781634e+02
3.346414748900280642e+02
3.276618399120765162e+02
3.123625654796801996e+02
2.954444157113216534e+02
2.765565710939299606e+02
2.607984912940755748e+02
2.544778184152352765e+02
2.555146862485922270e+02
2.757751133922640747e+02
2.817353675803719852e+02
2.812010604637583242e+02
2.749428933289069619e+02
2.644273207509100416e+02
2.333830869576250109e+02
2.525371851969408112e+02
2.587128481449437345e+02
1.956100485483514376e+03
1.729604428963668170e+03
1.663088446029814577e+03
1.616451635228433815e+03
1.841977190624596233e+03
1.999043762658980768e+03
1.661482281909109133e+03
1.803930627399422747e+03
1.744401350203631864e+03
1.745903274262742798e+03
1.735310438804460091e+03
1.690819048922669253e+03
1.673792036409413186e+03
1.670418011831872491e+03
1.645799584203693939e+03
1.582611933964935588e+03
1.554996166602281164e+03
1.551141238022751395e+03
1.513496941350426141e+03
1.460337501371499457e+03
1.421641729437188133e+03
1.390714198255134079e+03
1.349971288977561926e+03
1.349486035988075628e+03
1.264403999380541336e+03
1.126850871898984678e+03
1.144444767684894032e+03
1.206775023495938058e+03
1.187022439353211439e+03
1.229971316197377064e+03
2.034275043502159406e+03
2.041331574655559280e+03
2.376897599957121201e+03
2.450424219978727706e+03
2.085238555251218258e+03
1.861587538366617991e+03
1.870988115682991975e+03
1.829935902120401806e+03
1.811777604413903873e+03
1.786854526056316445e+03
1.763080575086167300e+03
1.748402532945628991e+03
1.720209634120763667e+03
1.672961683755122294e+03
1.630904322225968372e+03
1.593500004136785037e+03
1.554343613179130671e+03
1.509876548230065282e+03
1.468697019107318965e+03
1.412830593487499300e+03
1.372286556922182399e+03
1.350986660079885269e+03
1.252088482393357708e+03
1.051614518806783735e+03
1.010201867516864581e+03
1.201864550285661835e+03
1.326952848460825180e+03
2.207335231566591119e+03
2.232879960484434832e+03
1.966144185969298178e+03
1.759287545597103417e+03
1.505799723553910098e+03
1.459905762713194690e+03
1.401512431138591865e+03
1.395032963774358905e+03
1.376555223274900754e+03
1.363116543083669740e+03
1.348841255982158827e+03
1.319114637970386411e+03
1.284931181641732337e+03
1.247242450249860440e+03
1.206908163176818562e+03
1.172581991943056892e+03
1.139876330048801037e+03
1.108618153888990719e+03
1.077795864718950043e+03
1.047246180044080802e+03
9.489059507474818247e+02
8.158285416261542196e+02
7.310170904366465265e+02
8.254722407349809146e+02
1.602187277886100219e+03
1.467053119435344797e+03
1.269269251131385772e+03
1.076107112238042419e+03
1.029022399703464316e+03
9.742851584904896072e+02
9.597040612849698391e+02
9.549038876282832007e+02
9.440823703091873540e+02
9.326166249940372381e+02
9.118855469829570666e+02
8.877919009265375507e+02
8.583289744123109131e+02
8.316122078795128800e+02
8.124905649435384021e+02
7.953225674656291631e+02
7.784412787992703215e+02
7.468025269788806781e+02
6.753436428508465497e+02
5.845740840775889637e+02
5.231417100134792690e+02
1.049562575641197327e+03
8.978522733491387271e+02
7.615419363624491780e+02
7.162001764822638279e+02
6.752081540379697344e+02
6.602704053317415855e+02
6.514508731122692780e+02
6.469336491077298206e+02
6.393548410991951414e+02
6.284255883985701985e+02
6.117473832941191176e+02
5.971941473398400149e+02
5.876781183414842644e+02
5.784259665818573239e+02
5.618443171278468071e+02
5.402900877196017291e+02
4.907175929345646637e+02
4.279908872232422823e+02
6.675181977045648409e+02
5.622392586689989002e+02
5.233294908480474987e+02
4.894135198620891742e+02
4.750757624426101984e+02
4.653566898219615950e+02
4.601778177579346902e+02
4.606395509468114824e+02
4.560089444834759433e+02
4.525844647108094705e+02
4.487870182974386921e+02
4.405099323374384994e+02
4.288208785765780817e+02
4.123147228670257505e+02
3.785378553859513318e+02
4.486575807898011021e+02
4.109321104034948462e+02
3.819943794571933040e+02
3.668466128478596033e+02
3.578328560651455064e+02
3.556145990094515810e+02
3.581792829337154558e+02
3.627658804394180265e+02
3.611897320578941617e+02
3.564905632590123901e+02
3.484787250142688890e+02
3.373913719893610050e+02
3.503894240223465317e+02
3.223162535650919835e+02
3.090279145613786227e+02
3.028748841931662241e+02
3.012945756685639935e+02
3.019829834447712074e+02
3.029300150240946436e+02
3.032278480615199783e+02
2.990485630053703403e+02
2.964066377250456412e+02
2.839479279350543379e+02
2.750035824257722084e+02
2.695609230396398743e+02
2.677239404038436419e+02
2.669343955101500683e+02
2.708340921679444477e+02
2.590258225338874354e+02
2.522276417266972146e+02
1.365622809096229958e+03
1.681418710409413961e+03
1.726181558378810223e+03
1.796965841562453306e+03
1.775407898667620657e+03
1.759675416637355966e+03
1.935681553836938065e+03
1.721405754320788219e+03
1.746190208966916316e+03
1.712104732659258843e+03
1.680506867700742532e+03
1.665984821300846534e+03
1.638310642258792996e+03
1.613396694693225754e+03
1.581837099845207376e+03
1.555531191044403386e+03
1.521211827748685209e+03
1.486248196988463405e+03
1.456052083988602817e+03
1.415726121546746299e+03
1.372972910719287938e+03
1.333943625063911213e+03
1.300972943304962882e+03
1.228537070384345498e+03
1.188222459746235018e+03
1.186874692015725714e+03
1.140283870388379682e+03
1.104661855686246554e+03
1.137624580733313451e+03
1.101333132786025544e+03
1.425063606666320766e+03
1.832474776444155395e+03
1.884950167335309516e+03
1.713469777653121355e+03
1.777765583456044624e+03
2.003957290761849208e+03
1.758326148171606064e+03
1.688733901816234720e+03
1.656601891168520069e+03
1.604797661069540027e+03
1.588851603348039816e+03
1.553693844477479388e+03
1.520598229290506197e+03
1.492480126811597984e+03
1.465797417270811366e+03
1.429881923434430064e+03
1.390250759643310630e+03
1.356676726335884723e+03
1.312039399742776823e+03
1.267866859764451419e+03
1.230217784270947504e+03
1.162718340591080505e+03
1.074375015943893231e+03
1.092525870309796119e+03
1.150897311029318416e+03
1.087904308014846038e+03
9.857521162905743495e+02
9.761256174471577651e+02
1.405645395317318844e+03
1.515268286083248540e+03
1.436063839648179737e+03
1.504905536955924163e+03
1.735762957324393938e+03
1.555053562493909794e+03
1.480771163950717892e+03
1.369118378067438698e+03
1.335943356062005478e+03
1.299460193351962062e+03
1.264863535431714581e+03
1.236103772645617028e+03
1.208626553477754214e+03
1.185415711972132385e+03
1.156257284842464514e+03
1.124384106710829428e+03
1.092458049222389945e+03
1.051005075920758600e+03
1.013998577677070102e+03
9.610704088343911735e+02
8.966342455925195054e+02
8.523122612470988315e+02
9.227926653544998317e+02
9.694174143523108569e+02
9.127536913356841524e+02
7.572912936579992902e+02
1.003313333284107443e+03
1.060638448305753172e+03
1.145538597664000008e+03
1.367880769983308255e+03
1.246294855100804398e+03
1.220141044499951931e+03
1.121154802020017996e+03
1.032008841016370297e+03
1.007647161680159229e+03
9.656143280366318322e+02
9.404877275512228607e+02
9.149694174271712654e+02
8.956274283772183935e+02
8.762496106190459386e+02
8.507308218873062060e+02
8.262734901856128999e+02
7.928892278649851733e+02
7.473871674739374384e+02
7.000275804829927893e+02
6.664716171627376298e+02
6.719366969282150421e+02
7.367427726246904740e+02
7.666481112034168746e+02
6.963752617091396360e+02
6.503903804615108584e+02
8.120218866330376386e+02
1.012738614818842620e+03
9.546809515865272715e+02
9.560646402967292943e+02
9.037950547265551222e+02
8.288873947928625512e+02
7.666806505704626034e+02
7.382250681512268784e+02
7.065259838967846235e+02
6.857724051257624751e+02
6.705502305082951580e+02
6.536946591088629930e+02
6.356356914386960852e+02
6.177950124092179749e+02
5.822186054709410428e+02
5.427680087348155666e+02
5.152200305257214268e+02
5.143600811455697794e+02
5.265265076537009463e+02
5.797818544876079159e+02
5.880912508881460781e+02
4.901496352451592315e+02
7.175901327619365020e+02
7.109500332712559612e+02
7.373411091194998335e+02
7.134176620942097315e+02
6.747582869991355210e+02
6.251818755576266540e+02
5.730734118228936040e+02
5.504104343793326279e+02
5.271767186188343430e+02
5.139609043188310125e+02
4.994915710920944321e+02
4.836740474759639028e+02
4.636802852407095088e+02
4.339762142891585768e+02
4.094139371237645264e+02
4.037447439056238068e+02
4.084130382636735703e+02
4.203529445631614294e+02
4.570021104684822149e+02
4.471634958748945223e+02
5.197408143657656865e+02
5.650486689713260375e+02
5.655815689826686139e+02
5.498515627256549578e+02
5.252603403284431351e+02
4.845169116532428575e+02
4.462210123296003985e+02
4.279917287293143318e+02
4.117957857227175396e+02
3.983917038056621891e+02
3.786755304590343485e+02
3.591838634190490325e+02
3.397682326821750394e+02
3.318166598938228731e+02
3.313918526816881354e+02
3.369392993954078861e+02
3.441672923459731237e+02
3.493663181042152246e+02
4.329377933608398621e+02
4.527566454403186640e+02
4.550785992784454379e+02
4.473287888526377856e+02
4.255921348548107517e+02
3.942491323976811373e+02
3.642605581547239808e+02
3.502092901206630700e+02
3.301161691538700325e+02
3.099676468039681936e+02
2.949128639391901743e+02
2.861017148590894976e+02
2.827549704838085063e+02
2.842705192545451496e+02
2.880874226458540761e+02
3.157340807642777918e+02
3.659533582947613013e+02
3.827014351020590652e+02
3.885024650235416743e+02
3.793949238548747189e+02
3.602088818794763938e+02
3.344884502325821245e+02
3.080857884341100998e+02
2.877314222240720483e+02
2.678724498795775730e+02
2.603200626639908251e+02
2.541573968178584835e+02
2.515876420132255191e+02
2.524430821607554378e+02
2.871842939830281125e+02
3.258203880046546033e+02
3.417885619305378100e+02
3.428304283522652440e+02
3.322569607048362172e+02
3.122557917941867913e+02
2.873139124057019558e+02
2.614528959089890350e+02
2.480345246442913663e+02
2.406110899993027203e+02
2.352631085384819301e+02
2.318049112156409421e+02
2.713290142128619209e+02
3.026593178029119144e+02
3.113682299325909071e+02
3.061411650957929851e+02
2.913656266374449046e+02
2.733980650031921300e+02
2.547117724784360746e+02
2.376775918694014536e+02
2.311727521290946754e+02
2.237820387235055932e+02
2.621534520012328358e+02
2.809112426090417216e+02
2.804118981313698100e+02
2.724034598005732164e+02
2.642174833121628694e+02
2.518927747205139553e+02
2.373505785502941592e+02
2.261848960145412661e+02
2.463893639550532555e+02
2.560438560537947978e+02
2.571168168119880875e+02
2.555922316609780012e+02
2.486034237342668973e+02
2.376536556957000812e+02
2.318793818368085624e+02
2.424331918834275257e+02
2.460305308016788217e+02
2.434119871184098258e+02
2.245109993999714675e+02
2.348630950116014731e+02
