1.611867974105589155e+03
1.450214366110784113e+03
1.379209381228784878e+03
1.308620876666434469e+03
1.482001459576766365e+03
1.590757443018981576e+03
1.411480328871289657e+03
1.518773599172448712e+03
1.483919914964899590e+03
1.465234867117632348e+03
1.456983942190092648e+03
1.422875574977066435e+03
1.413666217241546747e+03
1.414633653840525767e+03
1.397459023482852672e+03
1.347459936071146331e+03
1.328343742911287109e+03
1.327895079872939959e+03
1.301738404327410763e+03
1.256012178301591121e+03
1.229476386384159923e+03
1.208695445223605930e+03
1.177766440071338366e+03
1.181049967641564763e+03
1.116886728894431599e+03
9.936872413530705899e+02
1.017523367963501187e+03
1.056482954251507408e+03
1.039880914452919569e+03
1.076807151978147431e+03
1.999086219327436083e+03
1.732772145695832705e+03
1.605912674375229926e+03
1.905259903555577466e+03
2.165308550600096169e+03
1.771886296338666853e+03
1.638747615031934629e+03
1.761438849420165980e+03
1.680013428581380595e+03
1.681793749590782909e+03
1.658669891977882571e+03
1.633963576280352754e+03
1.621373263115154714e+03
1.602237908302923188e+03
1.559019658754369402e+03
1.522199624125876426e+03
1.497944670701708219e+03
1.468844813913120333e+03
1.429931407290963307e+03
1.393865232496088538e+03
1.342589372916997036e+03
1.301123409582163049e+03
1.299448473808349036e+03
1.251226785464743671e+03
1.040653623825086015e+03
9.706252220839401161e+02
1.171678593684363022e+03
1.225263975383137904e+03
1.206139899570418038e+03
2.036586098849097425e+03
1.725222787493315536e+03
2.071329515968711348e+03
2.422886373317568996e+03
2.096407524839284179e+03
1.793371591775739262e+03
1.574961438491226772e+03
1.690816374258947462e+03
1.630798586557815725e+03
1.623716838656019718e+03
1.607900626128375961e+03
1.578754440104846481e+03
1.569450876493937358e+03
1.529783845203431611e+03
1.491810665830799508e+03
1.455493026671902726e+03
1.415215903039875684e+03
1.378754577771525419e+03
1.346886629110872036e+03
1.299423575541047285e+03
1.246783891646122129e+03
1.242579734576064538e+03
1.193979870368508273e+03
1.017547477826509066e+03
8.315224126975607533e+02
9.699965120062618098e+02
1.185548361097215775e+03
1.250511869377136918e+03
1.806731832316579812e+03
2.045346765705430016e+03
2.377588300185814205e+03
2.096054098383097880e+03
1.923077856751023319e+03
1.572407885838687434e+03
1.345337040335191659e+03
1.471077813625169938e+03
1.413121531534657834e+03
1.412940562858647581e+03
1.392588156124313173e+03
1.373079409197155655e+03
1.352653026061154151e+03
1.317017262567658463e+03
1.283162874129017609e+03
1.237392298302787367e+03
1.200382155181235703e+03
1.171592976493452852e+03
1.133818057705222600e+03
1.092882521830900259e+03
1.084344055489557377e+03
1.042031204719781499e+03
8.950065700995394309e+02
7.248086916683051868e+02
7.335325113749523780e+02
8.998473829584573878e+02
1.109554504082365838e+03
2.018809207023353565e+03
2.206032766847183666e+03
1.917326056781919760e+03
1.798895664369984388e+03
1.594657991662829318e+03
1.277347487738312111e+03
1.093501928192539935e+03
1.198653035956217082e+03
1.156115342101777514e+03
1.151692598664353454e+03
1.140894340872354860e+03
1.115744622455604713e+03
1.098323400718706125e+03
1.069599797672532759e+03
1.030394342169716765e+03
9.924707274368333856e+02
9.662434615784927701e+02
9.359925328773198316e+02
9.057578862431679454e+02
9.067423652348697942e+02
8.718308165761775399e+02
7.543046606502769009e+02
6.028267934488007995e+02
5.931744251591419470e+02
6.367426341542166028e+02
8.069064323445568334e+02
2.091092190059327095e+03
1.711173866557465544e+03
1.584224618575282875e+03
1.443167000105611351e+03
1.262733314989303835e+03
1.012234348477903154e+03
8.589785440781101897e+02
9.495878009471912264e+02
9.129838854754952990e+02
9.166847377257017797e+02
9.007783442952827500e+02
8.796248358326157586e+02
8.681373733122502472e+02
8.375239946305781586e+02
8.066709271890557602e+02
7.802884540832679932e+02
7.567712102748267853e+02
7.343518714997370580e+02
7.402881549026304810e+02
7.219790487848637213e+02
6.288991932533986073e+02
4.975220692379033380e+02
4.751280755954961705e+02
4.943397321632519947e+02
5.540050392578515357e+02
1.589144419249866360e+03
1.390795489884938661e+03
1.253953175595804851e+03
1.133888360611605549e+03
9.950807565126693817e+02
7.891442205369870635e+02
6.695096567639299110e+02
7.412584099148364203e+02
7.194327485534778361e+02
7.182338691378380418e+02
7.042582958781606521e+02
6.904861710607908662e+02
6.766230569770689272e+02
6.543091966608841403e+02
6.336340080685347402e+02
6.121509618002952493e+02
5.965865916618777192e+02
6.055705684007286891e+02
5.971414176846375312e+02
5.296832962846847295e+02
4.156283458258486689e+02
3.873382804830220039e+02
3.893059366888238060e+02
4.237423257999217867e+02
1.288153892180273488e+03
1.103027035227752094e+03
9.920770944198471852e+02
9.032156814301515624e+02
7.836983991158496110e+02
6.180845265380711453e+02
5.223295205035083200e+02
5.868125604262224897e+02
5.666690737125539954e+02
5.658524871075362626e+02
5.578782149485839454e+02
5.437513708463008015e+02
5.352275744692403805e+02
5.219987341620036432e+02
5.064049543337541195e+02
4.924805187620765423e+02
5.045635656279346222e+02
5.034538530650179950e+02
4.517893152576211264e+02
3.558574733717451295e+02
3.253658641190063463e+02
3.177851784267184030e+02
3.342904003336575443e+02
1.033922220339334672e+03
8.881728282939963037e+02
8.078193177873565674e+02
7.293566942204348607e+02
6.267804533242591560e+02
4.894622158125609985e+02
4.183132220494399576e+02
4.695340277192122471e+02
4.537147970886130679e+02
4.576164838022731374e+02
4.490006813330589921e+02
4.400175554997929339e+02
4.377379958461677916e+02
4.296311639004654239e+02
4.203927907692235522e+02
4.312273385051783521e+02
4.364005311657177231e+02
3.963747186958684665e+02
3.112015558365570769e+02
2.831180351493079570e+02
2.706934495353636976e+02
2.768005977896690979e+02
8.521365894054735008e+02
7.436748686271946553e+02
6.734376802141306371e+02
6.028667877622883680e+02
5.107982087787119667e+02
4.007625131239483949e+02
3.410463842773574470e+02
3.845693189852831892e+02
3.760218296442719179e+02
3.789315495677720378e+02
3.740944698703362974e+02
3.708791327528275019e+02
3.722914124514707055e+02
3.696699961057692008e+02
3.828038725095758537e+02
3.888892432709033073e+02
3.581073052187416579e+02
2.811254308639415171e+02
2.529416382241750796e+02
2.403572275360974118e+02
2.409032943595088625e+02
7.345250245709189585e+02
6.404444687121705329e+02
5.764327283307113703e+02
5.099114108004936838e+02
4.320447206773466746e+02
3.350072617849688754e+02
2.855752891764979609e+02
3.273829461403829555e+02
3.200359092963738590e+02
3.255711075792457336e+02
3.253953392476038289e+02
3.259618225570529262e+02
3.312866197385110922e+02
3.494397137544366387e+02
3.592283167192438782e+02
3.314218841806126079e+02
2.611991968118833825e+02
2.338037425712630011e+02
2.194622172237120878e+02
2.188848437052373299e+02
6.513932191301051944e+02
5.655676924382717061e+02
5.047435498601128643e+02
4.474307557524335834e+02
3.727406037232785820e+02
2.875467236940335738e+02
2.487723481221504187e+02
2.860547531884170098e+02
2.822291807987799643e+02
2.914974947158852387e+02
2.946729663341511696e+02
2.988192220178149796e+02
3.230457062555358903e+02
3.391168798971410752e+02
3.162146645444745445e+02
2.475712249950460944e+02
2.217481982837647649e+02
2.071085569421969126e+02
2.041066523061032285e+02
5.900623640816605757e+02
5.092990798047493399e+02
4.568132619906006084e+02
3.987182990540922560e+02
3.291130658094962769e+02
2.563224067923393932e+02
2.218709998202798488e+02
2.580552806637672347e+02
2.583731867387260763e+02
2.706048310329016999e+02
2.768552721892236264e+02
2.988138518815425755e+02
3.216324172360790499e+02
3.061671716045980247e+02
2.408382874737971520e+02
2.136905913706066542e+02
1.998201733703596119e+02
1.961093890804734485e+02
5.427478618597889408e+02
4.717133506155157079e+02
4.174941701227757562e+02
3.616978637328369359e+02
3.005974110158230133e+02
2.330506041770897525e+02
2.034763531199045872e+02
2.405472356897623740e+02
2.441322510284157659e+02
2.590859947742096097e+02
2.822723783989903836e+02
3.033754954378101729e+02
2.958182434776516629e+02
2.366212196568613422e+02
2.105812128720647536e+02
1.950677884360776773e+02
1.917986375573402995e+02
5.110465829764567047e+02
4.388828454540731627e+02
3.863687872994163968e+02
3.376755081531803739e+02
2.786165850551079757e+02
2.169768053457029566e+02
1.920327038480537283e+02
2.304286784748890113e+02
2.367232358174088347e+02
2.679255493725264614e+02
2.907468649544944697e+02
2.829491872978317701e+02
2.310331929983008195e+02
2.088480428278671468e+02
1.940884202879856559e+02
1.890358232827508118e+02
4.813394200085197099e+02
4.117419861387874676e+02
3.663534148766676140e+02
3.182664210859822447e+02
2.632013548176216204e+02
2.071160848090585205e+02
1.856221495141128059e+02
2.255906726716719959e+02
2.470656668246509184e+02
2.788192359125666258e+02
2.739654357814101786e+02
2.227249314786776893e+02
2.052608519308747930e+02
1.937857682116147373e+02
1.893461450770589636e+02
4.557443962446444061e+02
3.944739421827564456e+02
3.493045947077625897e+02
3.044233437542201273e+02
2.539697128778394699e+02
2.019257366293013547e+02
1.828347620900387085e+02
2.370912559748078650e+02
2.588063133062161114e+02
2.646913851074943409e+02
2.169093331993313427e+02
1.988487341719476547e+02
1.913170464277335725e+02
1.898630779463678664e+02
4.396384132943408645e+02
3.789825789357777808e+02
3.369489686043619940e+02
2.964440326317434824e+02
2.496253820830249879e+02
2.001482379432523828e+02
1.929976993467519719e+02
2.496447879190649246e+02
2.469352953267076884e+02
2.104591495475489751e+02
1.943452280907621343e+02
1.859454973548946839e+02
1.879373289203061574e+02
4.244940574140848071e+02
3.676093736038996553e+02
3.301516541628881214e+02
2.933981681297092905e+02
2.489197415389872674e+02
2.123268485709850495e+02
2.038829509639290904e+02
2.391983065226996814e+02
1.969011667760327100e+02
1.890460503221507338e+02
1.821465806802352745e+02
1.829821974232874879e+02
4.132647840399741881e+02
3.616589916587219022e+02
3.283053543048278584e+02
2.940930488579357984e+02
2.653492556964694131e+02
2.371651218771118010e+02
1.959419917877551427e+02
1.912561422676421614e+02
1.771610552500972631e+02
1.774532297943169965e+02
1.794240527764744115e+02
4.076668104546820928e+02
3.607715244922998181e+02
3.302640846172858460e+02
3.148397880376477929e+02
2.954152869679847981e+02
2.486656379568824207e+02
1.569834932032445636e+02
1.723723534340438448e+02
1.664465551248066220e+02
1.748915194019769217e+02
4.075308417594112598e+02
3.638099289096401776e+02
3.546378522246739635e+02
3.495259728670541790e+02
3.074600311477020682e+02
1.959173131228507145e+02
1.416583825964598589e+02
1.621206860263785359e+02
1.640621457801221936e+02
4.116496917897246135e+02
3.915048183995007207e+02
3.924691458232057357e+02
3.614317271156683091e+02
2.441349422325886565e+02
1.741217832913917221e+02
1.333352865836853880e+02
1.598461455555618045e+02
4.436697856881214079e+02
4.318375101446403619e+02
4.033323444962428539e+02
2.890372313604582359e+02
2.183814525669168916e+02
1.616079949037949746e+02
1.314890773146155425e+02
4.877652760396891836e+02
4.411714506690461235e+02
3.244466861975641905e+02
2.600493220542306858e+02
2.037743384646890661e+02
1.572633795572120619e+02
4.955250123575157772e+02
3.566369463219548948e+02
2.933170115761416810e+02
2.438411767790599640e+02
1.991357846630359063e+02
4.022731405770774131e+02
3.237238142265886722e+02
2.761527776758324535e+02
2.391965902387069605e+02
3.663970857151497853e+02
3.058173723247641078e+02
2.717490821160051837e+02
3.471306503664564502e+02
3.017301040438711084e+02
3.432474791919765380e+02
1.214901166636855123e+03
1.428509505526247040e+03
1.468794840302778312e+03
1.521281140099420554e+03
1.464486691850376246e+03
1.490681776179351345e+03
1.638620875816199259e+03
1.501461337100512310e+03
1.504588384880444437e+03
1.481195252139285913e+03
1.448615029939699525e+03
1.437229090583756260e+03
1.417850502387774895e+03
1.399225672023418156e+03
1.374021082847449179e+03
1.354706886119027104e+03
1.327226423452867493e+03
1.301004839533434279e+03
1.275229764711985354e+03
1.244613191438705371e+03
1.210070278569583024e+03
1.179736835922887394e+03
1.153964216549941057e+03
1.093562543196505430e+03
1.058675646659408812e+03
1.068904550901749872e+03
1.016349526709548286e+03
9.856070956021244456e+02
1.011579013271736358e+03
9.861382207388577399e+02
1.360492884546674986e+03
1.627148944569741616e+03
1.497662119210363244e+03
1.441504078097679439e+03
1.618774646523557976e+03
1.687282418942186951e+03
1.539361764377012378e+03
1.447752227097450259e+03
1.417163375018953275e+03
1.379887832451538998e+03
1.358045049409643298e+03
1.329028708246925817e+03
1.300948251584934269e+03
1.278118075901533985e+03
1.253600188688214303e+03
1.220996238285000800e+03
1.188495900594412660e+03
1.152485537643123052e+03
1.116664860937587264e+03
1.082482324463581335e+03
1.029070004758490768e+03
9.498417324123264507e+02
9.394645021297158110e+02
1.014603073484009883e+03
1.012149040133983362e+03
9.013566799357813579e+02
8.091224481674994422e+02
1.008145231792998743e+03
1.097173102087219149e+03
1.177116970826148872e+03
1.298320796358358621e+03
1.373532952446982790e+03
1.290872547191696867e+03
1.188859115593933666e+03
1.098128722064641579e+03
1.065717350518390958e+03
1.033000524476005012e+03
1.006890808227399248e+03
9.832902006396146817e+02
9.602084670825767034e+02
9.401016042366107968e+02
9.130528375901033087e+02
8.832308736905889646e+02
8.526529249343292349e+02
8.068469905284663355e+02
7.529918831820026526e+02
7.174959653859767741e+02
7.444876676762265788e+02
7.931949428655796055e+02
8.086283209346210015e+02
7.330634088451352000e+02
6.825929648682405286e+02
8.273294969394687541e+02
9.463373534280291324e+02
1.014795932365282738e+03
9.759090732164485189e+02
9.292625489357678816e+02
8.447366796294793403e+02
7.748062543490221969e+02
7.485492084111166378e+02
7.221581196062192021e+02
7.034264704925403748e+02
6.846921275742511170e+02
6.659160130190493874e+02
6.452691165666878987e+02
6.129765104024897937e+02
5.735172408882518766e+02
5.430765070772307581e+02
5.408669473875539779e+02
5.648031623599550812e+02
5.960993953838161588e+02
5.947141668251866804e+02
5.108503732142905847e+02
6.545609139983265550e+02
7.277112275036198525e+02
7.193359275989073467e+02
7.016494158443393871e+02
6.605002469774926794e+02
6.010477700665912835e+02
5.536819668797398890e+02
5.335235972850922508e+02
5.132820996815452190e+02
4.966554829484035167e+02
4.736587566630370816e+02
4.449084172162668551e+02
4.230298816763074115e+02
4.176581739228200263e+02
4.194600693086200636e+02
4.348666459542339453e+02
4.498608074994925232e+02
4.173985445854485192e+02
5.173807583823605682e+02
5.356543152478520824e+02
5.360007176465090879e+02
5.190398519180952235e+02
4.906770839116126695e+02
4.505624655399289509e+02
4.147136662458181604e+02
3.921559222328161809e+02
3.660269271269720548e+02
3.465945737183452025e+02
3.383847798894607308e+02
3.363270548821105876e+02
3.396020748314847424e+02
3.481116413463112735e+02
3.537653973927190236e+02
4.056821193244079495e+02
4.223451203752925949e+02
4.197408814741634728e+02
4.068218129061013428e+02
3.817525078140910182e+02
3.440719301602953806e+02
3.111723761907022094e+02
2.984046958124006323e+02
2.906608525373762291e+02
2.881255047492993526e+02
2.877236367669472088e+02
3.033616585643108579e+02
3.398629535429742532e+02
3.459069508096432060e+02
3.371008171321714144e+02
3.218746856226102295e+02
3.050093102977129433e+02
2.846226486871862562e+02
2.685236689019605478e+02
2.626391346078839319e+02
2.645004693397838764e+02
2.835016358980696509e+02
2.890677482867328081e+02
2.880484217426679834e+02
2.822390597043695948e+02
2.719143885451800884e+02
2.396496433359155844e+02
2.579675169516959841e+02
2.642725058623973950e+02
1.611867974105589155e+03
1.450214366110784113e+03
1.379209381228784878e+03
1.308620876666434469e+03
1.482001459576766365e+03
1.590757443018981576e+03
1.411480328871289657e+03
1.518773599172448712e+03
1.483919914964899590e+03
1.465234867117632348e+03
1.456983942190092648e+03
1.422875574977066435e+03
1.413666217241546747e+03
1.414633653840525767e+03
1.397459023482852672e+03
1.347459936071146331e+03
1.328343742911287109e+03
1.327895079872939959e+03
1.301738404327410763e+03
1.256012178301591121e+03
1.229476386384159923e+03
1.208695445223605930e+03
1.177766440071338366e+03
1.181049967641564763e+03
1.116886728894431599e+03
9.936872413530705899e+02
1.017523367963501187e+03
1.056482954251507408e+03
1.039880914452919569e+03
1.076807151978147431e+03
1.799424642079998421e+03
1.761167885214893431e+03
2.097854102021777180e+03
2.195780844771241846e+03
1.861517773791824084e+03
1.649116464098545293e+03
1.668408872172677547e+03
1.651437730732586715e+03
1.633112228568260662e+03
1.616952642972908052e+03
1.593571728090635133e+03
1.577635850357004529e+03
1.556231342316823429e+03
1.515530720947389000e+03
1.478876857917016650e+03
1.446853614478631016e+03
1.413254769584191081e+03
1.377253309104289428e+03
1.339576576059152785e+03
1.289824442569708253e+03
1.256868871134795199e+03
1.242218121493682702e+03
1.156659762618076684e+03
9.606339118627771541e+02
9.180928249754379067e+02
1.104758306555736226e+03
1.211493241496892097e+03
2.071533777913530685e+03
2.129522000140735599e+03
1.894734850300748349e+03
1.649706628310266979e+03
1.408848029948774411e+03
1.368107256886760752e+03
1.338234606853745618e+03
1.337832536309081206e+03
1.322514722012159609e+03
1.303634696477757643e+03
1.287794298651373992e+03
1.259133491869567706e+03
1.227251836110440081e+03
1.191249902862022964e+03
1.154085879277302411e+03
1.121745532103600453e+03
1.091751134167374175e+03
1.060043462027544592e+03
1.032130310987765142e+03
1.003624542724859111e+03
9.115212590023141956e+02
7.767880765535234104e+02
6.913623038351665855e+02
7.786840001645704206e+02
1.613680998141194323e+03
1.461016362076825317e+03
1.243950113990196542e+03
1.056620908191106082e+03
1.014597987103968990e+03
9.760400756203544006e+02
9.640807572123285354e+02
9.595392037585876324e+02
9.453197604099279943e+02
9.300376717309478636e+02
9.085393245552742201e+02
8.839035940287282074e+02
8.544584634226512208e+02
8.282525410309634708e+02
8.082498481425761838e+02
7.910249514634956540e+02
7.725862462033260272e+02
7.402253595207234866e+02
6.704101542509504270e+02
5.760078555223501553e+02
5.135091888439411605e+02
1.074353388541909453e+03
9.097818808608475365e+02
7.753916811130754922e+02
7.344712485922461838e+02
7.003745371001659805e+02
6.840790787387953742e+02
6.755096579144114912e+02
6.680558190082130068e+02
6.576346713228552971e+02
6.445662930455514470e+02
6.268793066163518688e+02
6.110881626193299780e+02
6.007524739067150676e+02
5.897325370795771278e+02
5.720228619716242520e+02
5.485806123405263861e+02
4.984865860716873840e+02
4.320247571238487012e+02
6.894578441347614444e+02
5.848373804107814067e+02
5.471487739539251152e+02
5.168168150534322649e+02
5.012818183042118676e+02
4.902813128084763434e+02
4.830752072470499456e+02
4.812163352428965482e+02
4.749131644709416378e+02
4.701741388418465704e+02
4.648008045448520420e+02
4.549677126604081536e+02
4.417955551686418403e+02
4.242056999216965210e+02
3.890822222000790589e+02
4.680074872056767390e+02
4.311428471121441248e+02
4.044866662030822795e+02
3.885332783367410343e+02
3.783968736768120493e+02
3.740124904107997281e+02
3.752589620913528847e+02
3.785847856930917601e+02
3.756444349088753825e+02
3.692454611103630100e+02
3.600554798341053129e+02
3.477099082319534205e+02
3.649278983827874185e+02
3.386669234648886118e+02
3.247837744102086504e+02
3.181467233636814740e+02
3.151524198168576731e+02
3.144039412970064973e+02
3.143766874879100328e+02
3.135534936907424139e+02
3.081414741038371972e+02
3.073101748519770240e+02
2.948748827162547741e+02
2.856807088329849762e+02
2.794621968475074709e+02
2.764153235945448159e+02
2.744666363950090044e+02
2.779239698315094529e+02
2.662805854790112789e+02
2.588012724229297419e+02
1.214901166636855123e+03
1.428509505526247040e+03
1.468794840302778312e+03
1.521281140099420554e+03
1.464486691850376246e+03
1.490681776179351345e+03
1.638620875816199259e+03
1.501461337100512310e+03
1.504588384880444437e+03
1.481195252139285913e+03
1.448615029939699525e+03
1.437229090583756260e+03
1.417850502387774895e+03
1.399225672023418156e+03
1.374021082847449179e+03
1.354706886119027104e+03
1.327226423452867493e+03
1.301004839533434279e+03
1.275229764711985354e+03
1.244613191438705371e+03
1.210070278569583024e+03
1.179736835922887394e+03
1.153964216549941057e+03
1.093562543196505430e+03
1.058675646659408812e+03
1.068904550901749872e+03
1.016349526709548286e+03
9.856070956021244456e+02
1.011579013271736358e+03
9.861382207388577399e+02
1.294448938505125170e+03
1.647541682359932793e+03
1.698227555472194126e+03
1.497618043531028889e+03
1.581022431768945580e+03
1.802024257666220365e+03
1.608978705677975086e+03
1.529754712114258609e+03
1.502681724595451897e+03
1.457734335414364068e+03
1.441036758650538331e+03
1.416041626454905554e+03
1.386551704066658885e+03
1.359968913349052400e+03
1.338317565952309451e+03
1.306323866655089887e+03
1.272931659606605763e+03
1.241781360370422590e+03
1.202624483395131847e+03
1.165503046722497629e+03
1.131967604259417612e+03
1.072146995803398568e+03
9.881607659999599491e+02
1.005348767360473744e+03
1.072156364731289614e+03
1.000119522483477112e+03
9.017754646715736726e+02
9.014459684334185567e+02
1.354848266257677096e+03
1.434871451042836497e+03
1.305225798620821479e+03
1.390067124368986015e+03
1.630623754048505134e+03
1.497949167966537289e+03
1.399236975149961609e+03
1.295308947047883294e+03
1.258479795073018749e+03
1.230489885737830491e+03
1.201629256422570279e+03
1.176611772366358764e+03
1.148151202257485693e+03
1.126543608183530296e+03
1.098715487765688749e+03
1.069797630498099579e+03
1.037657492311241640e+03
9.995318390203749459e+02
9.654785842459018568e+02
9.172780592098122270e+02
8.524386045230692162e+02
8.085225533274960981e+02
8.756167059791711154e+02
9.308578905455058248e+02
8.647907874240531783e+02
7.170322501486701867e+02
1.001702525446285222e+03
9.993941642943752868e+02
1.102794161427506424e+03
1.332470270258973414e+03
1.248884430215720840e+03
1.204591542946872778e+03
1.097893274368264656e+03
1.007609299877520471e+03
9.840664405569964401e+02
9.515484715100750464e+02
9.277822391635035046e+02
9.021693826843026045e+02
8.826836203630535920e+02
8.616793811175840574e+02
8.367631850250353409e+02
8.111236001588285944e+02
7.785530898368225508e+02
7.353527417011049465e+02
6.870162687955129286e+02
6.529632281684424697e+02
6.562490302106170930e+02
7.187198750508708827e+02
7.564493027621946339e+02
6.811086398730916471e+02
6.485404717392799512e+02
8.097874765229706782e+02
1.025405079704809168e+03
9.852587813790668179e+02
9.725770433398397472e+02
9.170056668116030778e+02
8.318096496908818835e+02
7.701669283759057407e+02
7.447877659268643811e+02
7.176474162801584953e+02
6.957589269740772124e+02
6.806599738395487975e+02
6.614574710964789119e+02
6.424354903492248923e+02
6.226740295198317199e+02
5.873954433520120801e+02
5.466526365165730112e+02
5.185690320337721460e+02
5.165214703243141230e+02
5.271850053797643341e+02
5.789322987998790495e+02
5.955295947714165550e+02
5.160796927133123972e+02
7.470368933381221268e+02
7.546173478037105724e+02
7.653679507880373194e+02
7.390292104327857032e+02
6.949427954754645498e+02
6.398682733343647442e+02
5.890521438999214752e+02
5.674043757061882616e+02
5.452298274966564122e+02
5.314963855607679761e+02
5.156930101052831787e+02
4.985933391174576172e+02
4.764750617814586917e+02
4.450348538620550585e+02
4.199408610413618703e+02
4.138469454546013253e+02
4.176938122134571927e+02
4.282550203490710601e+02
4.654427606139327622e+02
4.841087741884456932e+02
5.607887950911684811e+02
5.968393653457801520e+02
5.921090122138938341e+02
5.724547418802949323e+02
5.462430389461283085e+02
5.026522377901630989e+02
4.638293656988997782e+02
4.447609880292756088e+02
4.297525196404129701e+02
4.150689581065632296e+02
3.948054856070017422e+02
3.725226231385370284e+02
3.520932355335409625e+02
3.439577933763738429e+02
3.432866590837063541e+02
3.481783222897931296e+02
3.549519106032119566e+02
3.847060456415630370e+02
4.600177937427011443e+02
4.776065538366443093e+02
4.746405771069855177e+02
4.661272999807360407e+02
4.443980689431152769e+02
4.101884465987783983e+02
3.784913490569502414e+02
3.645361564371308418e+02
3.445451018430496219e+02
3.232555663351271278e+02
3.069856138025237442e+02
2.977571552526114829e+02
2.941682049554262335e+02
2.955075707742291229e+02
2.992149805970590819e+02
3.378751648591482990e+02
3.854611173435209253e+02
3.992311972253178283e+02
4.029167909360885460e+02
3.943441753374460745e+02
3.749650503883059969e+02
3.462627934728288324e+02
3.192481316946894481e+02
2.979716078723129726e+02
2.785559801554524597e+02
2.702997827062617375e+02
2.641606501792487052e+02
2.615047050486920170e+02
2.623789389864411419e+02
3.025135966425046377e+02
3.379340241923436565e+02
3.530014030063404107e+02
3.535750241508450245e+02
3.434727710383929207e+02
3.226698750001836515e+02
2.958803151227801322e+02
2.691330057192079721e+02
2.559642790467585201e+02
2.485040949743224417e+02
2.432870080487369364e+02
2.401820339833278979e+02
2.806009611718814085e+02
3.105093129903646059e+02
3.194980025448635956e+02
3.141128228670888802e+02
2.988129934420427958e+02
2.809892666410405013e+02
2.609240160465892586e+02
2.436809247914149239e+02
2.368597735038588041e+02
2.302156871350997847e+02
2.682813463077231404e+02
2.867284524771911265e+02
2.863524771627925816e+02
2.776607649430770266e+02
2.700368972303976420e+02
2.574578448126820263e+02
2.421972000705044934e+02
2.304913532548436308e+02
2.511047429904782859e+02
2.605667543237406676e+02
2.613778352969349612e+02
2.598774866918834050e+02
2.528716021132839558e+02
2.421498678347386715e+02
2.361283117169649586e+02
2.458546011216215277e+02
2.496943599172034851e+02
2.466918376798806491e+02
2.280117413495875951e+02
2.381320482561064864e+02
