1.089387081978422430e+03
1.010848963555905812e+03
9.784354414172313454e+02
9.209223795564081456e+02
1.083562186603327518e+03
1.103754687271009971e+03
9.775389877833420087e+02
1.072607299176864899e+03
1.071470050352697399e+03
1.056464820673291570e+03
1.054538424791679518e+03
1.031025348515647465e+03
1.029017861417624090e+03
1.033496454799951607e+03
1.026664400175675382e+03
9.950993763723595293e+02
9.888131887790045766e+02
9.936365459972503231e+02
9.837819789086429410e+02
9.582981707144924712e+02
9.467335282332018096e+02
9.352092910185516530e+02
9.213496212490136941e+02
9.373854270703606062e+02
9.053966259948465449e+02
8.132857266478013116e+02
8.414871271031076958e+02
8.616331073158911522e+02
8.486832202937545162e+02
8.708317380330244077e+02
1.365743504823832609e+03
1.257393316737940495e+03
1.142434011985659481e+03
1.304540961022454439e+03
1.575011739859957061e+03
1.343250308418746954e+03
1.134004925968759835e+03
1.259495956059517312e+03
1.248778669481167981e+03
1.233728102032006291e+03
1.220066625554162101e+03
1.204806270737187788e+03
1.203741058834408705e+03
1.190131453454708435e+03
1.166029453033457230e+03
1.140919836942397978e+03
1.125132983184199247e+03
1.108596597462801128e+03
1.084640488475403799e+03
1.060262910180570771e+03
1.029786271705583204e+03
1.003201596756048730e+03
1.011010368201137908e+03
9.918028614926615774e+02
8.202938658640367748e+02
7.662808604289007235e+02
9.370561741532935685e+02
9.577345711895416116e+02
9.300082615321779258e+02
1.482963869783586688e+03
1.268469709923346954e+03
1.439705849199796148e+03
1.695648866949910825e+03
1.686283024504591822e+03
1.373387610134266652e+03
1.132286109916409032e+03
1.261584612405916005e+03
1.255679958428691180e+03
1.234343261365871740e+03
1.224296884886474345e+03
1.208664800716466971e+03
1.204732925899985275e+03
1.174484942816047351e+03
1.149724810298367174e+03
1.121088070308510623e+03
1.091674993686003745e+03
1.069809721422811663e+03
1.044939202655248664e+03
1.009006395893985541e+03
9.725987312196432413e+02
9.751710592824188097e+02
9.552320282742805375e+02
8.062674550684753285e+02
6.475017156758276542e+02
7.578357092297231929e+02
9.360968487564325642e+02
9.623529452386922003e+02
1.355580841019769196e+03
1.489456415093644864e+03
1.727679861333196641e+03
1.657768121973561165e+03
1.585255072895349940e+03
1.272148068519016988e+03
1.028345291680101127e+03
1.156489337603547028e+03
1.148097300025049890e+03
1.132428460877790712e+03
1.120183155026846407e+03
1.108037307725309347e+03
1.093354644180989226e+03
1.061771910235991072e+03
1.035560592933342832e+03
9.996506847178186490e+02
9.712457630490318934e+02
9.501379025218473089e+02
9.166517555633533902e+02
8.837551093611776878e+02
8.826610791523754642e+02
8.635663486061210961e+02
7.321549690230140186e+02
5.798458255883958827e+02
5.787669027959276491e+02
7.125774904100715048e+02
8.850648738471960542e+02
1.514700665106927318e+03
1.703795651088585601e+03
1.592846809129021722e+03
1.473615976133276035e+03
1.400039753881247407e+03
1.106320000385650928e+03
8.892559804747025964e+02
1.001339220917044941e+03
9.982498889614166728e+02
9.827507603428867924e+02
9.752435272753810978e+02
9.566586017632063204e+02
9.406537444594068802e+02
9.118413634166173551e+02
8.805112566323825831e+02
8.491943171588953874e+02
8.250500180672748911e+02
7.985363959768427549e+02
7.702762361270491738e+02
7.750521363126445067e+02
7.588686945364072471e+02
6.456977821669188415e+02
5.033889755710748091e+02
4.867630261864741215e+02
5.167653198439932112e+02
6.553754421938606356e+02
1.674658443629526573e+03
1.514780304030902926e+03
1.364864289865285627e+03
1.261843005748147789e+03
1.185854996588047243e+03
9.331001835185927575e+02
7.434589682874848222e+02
8.424442126536301885e+02
8.392514439052915804e+02
8.308936103528930062e+02
8.179846495366974750e+02
7.995217879489149482e+02
7.872144629696861102e+02
7.570744031162616920e+02
7.301523988627509425e+02
7.047401410724945663e+02
6.797498560156684562e+02
6.593913188638928204e+02
6.658423062467011277e+02
6.601007603937665635e+02
5.653288833753955487e+02
4.360585774053823229e+02
4.085617524119198833e+02
4.190639284151438915e+02
4.632380860379369665e+02
1.452470661797520279e+03
1.269649131727364193e+03
1.146759238904403901e+03
1.054457358627678559e+03
9.885706149068321338e+02
7.700554205101196885e+02
6.128825417857909770e+02
6.957493751970536096e+02
6.983905779533045006e+02
6.869621560931207114e+02
6.736679117248088460e+02
6.609397458063428985e+02
6.473824548699877823e+02
6.228191525076671269e+02
6.011117346742213385e+02
5.774135797976418871e+02
5.603058671421269992e+02
5.712086108524579231e+02
5.691446432241226603e+02
4.962143635430056179e+02
3.814989832784407895e+02
3.490325369779392872e+02
3.449795864329518622e+02
3.685550603627689839e+02
1.201919319493669946e+03
1.057464504119813228e+03
9.537805224342677093e+02
8.794485973507885319e+02
8.151466438589618519e+02
6.319231568840380078e+02
5.018309360365990415e+02
5.757667743750704403e+02
5.747541755732819411e+02
5.637046557249884700e+02
5.560716222985288368e+02
5.437301958639118311e+02
5.337864737319923734e+02
5.150055545891245856e+02
4.955914519995496335e+02
4.801089398815278741e+02
4.920813040898073041e+02
4.962521417092407319e+02
4.356579545786929657e+02
3.382128858288553488e+02
3.054016728404114929e+02
2.931136855471856393e+02
3.009594562310712718e+02
9.996361472648967492e+02
8.819547007768670710e+02
8.013553192551481743e+02
7.331070624447431783e+02
6.736543545006611566e+02
5.189281989027816735e+02
4.157971180269884712e+02
4.755175883535787875e+02
4.734792798002225140e+02
4.685185054591951257e+02
4.613262600449111233e+02
4.525543367005155346e+02
4.465472695436253048e+02
4.312998075526704156e+02
4.193167820601476592e+02
4.305226518550718424e+02
4.380357110477511924e+02
3.902488466482282661e+02
3.021108956335986022e+02
2.731725954835890775e+02
2.577083316024701389e+02
2.561074020523449803e+02
8.407625367258324331e+02
7.503077835800670528e+02
6.785071554272365120e+02
6.168529491564696627e+02
5.610903937303112343e+02
4.339603558368019662e+02
3.462413106439559556e+02
3.957769299744348359e+02
3.983619401553619355e+02
3.942089609553287914e+02
3.896868704458888715e+02
3.847441820729908386e+02
3.814137950125356156e+02
3.735656430705882372e+02
3.859578058911127414e+02
3.940783590832704704e+02
3.553699819582402029e+02
2.770742914479064325e+02
2.475832400081939397e+02
2.330086876130190205e+02
2.270443897755736202e+02
7.269364262113098221e+02
6.468936948756555694e+02
5.826479266558912968e+02
5.263364008939147425e+02
4.784251963463136690e+02
3.662547556278846059e+02
2.919532801489676217e+02
3.385342146403858123e+02
3.409169619769978681e+02
3.389582123063594850e+02
3.376064534423905457e+02
3.357081088121227594e+02
3.383862237237700583e+02
3.537388646247238171e+02
3.639173751396493230e+02
3.298350679186480647e+02
2.587900774258334309e+02
2.313637051101939051e+02
2.141885154798755480e+02
2.076535339115703493e+02
6.391393990178318063e+02
5.669797237672124766e+02
5.092367982008025251e+02
4.613091604554737160e+02
4.127570933765228460e+02
3.137179210275289734e+02
2.540262002212950279e+02
2.952931395503739509e+02
2.985757016262486445e+02
2.994075854593843928e+02
3.009595535168854781e+02
3.047147170102920768e+02
3.287765057889090485e+02
3.432185345098411631e+02
3.138350931825866041e+02
2.459884735559624573e+02
2.202553671886432483e+02
2.034515907439843261e+02
1.933350277308884131e+02
5.715151147321614644e+02
5.065095683161690090e+02
4.575218625821510159e+02
4.091953109170712537e+02
3.616045640889253718e+02
2.777558985674505152e+02
2.255339841020880272e+02
2.634798148622159033e+02
2.685952114822187582e+02
2.722530389117879395e+02
2.789138413414252113e+02
3.027702731306069381e+02
3.267098977847488754e+02
3.039821679976154769e+02
2.391775949491791664e+02
2.129384610503131512e+02
1.966795735574213211e+02
1.861042105434989367e+02
5.208194865451705482e+02
4.646641188114422221e+02
4.153185699315993702e+02
3.679653165962050139e+02
3.274372969805239109e+02
2.507189512024322369e+02
2.044859712665931397e+02
2.411313882084743909e+02
2.485230745959163983e+02
2.568499183580938734e+02
2.824477241877377196e+02
3.068185574005187846e+02
2.955563890906564666e+02
2.359713476104444965e+02
2.100967268223872964e+02
1.925912695863492274e+02
1.819970046565372854e+02
4.863717498013555200e+02
4.295746804444676172e+02
3.811148400984307045e+02
3.413453845477080222e+02
3.014800012368785360e+02
2.305924184879095549e+02
1.897736396568647876e+02
2.266007285354483258e+02
2.379807397776261837e+02
2.641486879761351361e+02
2.908014762539804110e+02
2.822959346678463248e+02
2.326677713800912670e+02
2.097512617489461206e+02
1.920177256076975709e+02
1.798063654697257334e+02
4.563669478086671347e+02
4.002328443701258038e+02
3.598353467838134065e+02
3.206377388778741988e+02
2.817960493374763473e+02
2.166039822902775711e+02
1.805102121105877018e+02
2.197876212419902231e+02
2.478251714715472929e+02
2.753818531467603066e+02
2.711907565945899705e+02
2.246559251767922092e+02
2.085876900823719780e+02
1.932430533160421646e+02
1.804909539797945115e+02
4.302844957613006045e+02
3.826994736460889612e+02
3.426931948530741465e+02
3.044067460068339415e+02
2.681941139455537950e+02
2.081688130102550076e+02
1.767919434707524431e+02
2.313089517963004482e+02
2.609875176332646447e+02
2.595555240000767299e+02
2.176603694250783008e+02
2.026931157943201356e+02
1.932042876690973117e+02
1.825126460156713222e+02
4.154124510625450739e+02
3.679340819644473299e+02
3.286717480297270413e+02
2.932686909908776443e+02
2.605523449040234141e+02
2.055942565546410776e+02
1.875357808382857172e+02
2.456965867735957545e+02
2.481751781618295922e+02
2.097114189060183378e+02
1.973246772557067175e+02
1.884476191567945307e+02
1.829803927183294832e+02
4.021813559850344859e+02
3.552656530175572698e+02
3.190736659318401962e+02
2.877227623056109564e+02
2.595361113661175523e+02
2.195997198865580060e+02
2.004940460397347408e+02
2.354488548424854173e+02
2.016614972902406748e+02
1.908109024437797530e+02
1.839386349963482701e+02
1.787629570717469392e+02
3.902241610987087483e+02
3.465994807187774427e+02
3.149177724056147554e+02
2.887984744670391706e+02
2.791654797743285030e+02
2.486915108062358399e+02
1.933129621317094404e+02
1.923145876727969039e+02
1.840644936106578200e+02
1.781981597997295523e+02
1.746373695276419369e+02
3.820562724409501811e+02
3.434074342165149005e+02
3.175371415162228459e+02
3.125770973560885295e+02
3.156970393700626687e+02
2.621061642099668347e+02
1.585717771006576982e+02
1.760488527386152100e+02
1.721798522548641870e+02
1.692559255324638343e+02
3.796086342954422435e+02
3.472875137845263680e+02
3.449400602728290437e+02
3.530306212345475387e+02
3.308702403025384911e+02
2.117256106600896430e+02
1.455109727328424185e+02
1.649505497176954236e+02
1.636003555759814958e+02
3.847595724005650482e+02
3.781733652330503901e+02
3.885194854734360774e+02
3.681848902138833068e+02
2.696638060193547517e+02
1.914353299148682765e+02
1.365182726409658187e+02
1.568076528750093246e+02
4.197886282432775715e+02
4.246216816212120193e+02
4.029132112160800148e+02
3.024213749737768921e+02
2.454662582868719483e+02
1.771155520994563801e+02
1.298221943336664026e+02
4.699634977420963651e+02
4.379160586572085663e+02
3.329035584628761058e+02
2.768841988893818211e+02
2.282881218212527017e+02
1.661890106764051040e+02
4.822555806166619732e+02
3.636043433490847860e+02
3.061054481524010384e+02
2.586631616750458420e+02
2.150324103939543079e+02
4.021912571210317537e+02
3.355230279148350405e+02
2.869024688255048545e+02
2.444496361568346856e+02
3.722974427921776055e+02
3.153274740943836605e+02
2.717779076180249263e+02
3.507312449069517015e+02
2.992792294562109987e+02
3.334475792079251164e+02
9.221729851311910124e+02
1.019454899352142661e+03
1.045952779471497024e+03
1.124247003538648642e+03
1.054667867975711260e+03
1.063330707109859759e+03
1.171151949684556712e+03
1.104083456440631608e+03
1.096396010013051182e+03
1.088940731983219848e+03
1.069427133355987053e+03
1.064108902880234837e+03
1.051255247736845149e+03
1.041718321319205643e+03
1.026886559680002620e+03
1.017291768719509378e+03
1.001503632148805764e+03
9.880483427616264862e+02
9.734439163803961037e+02
9.574906019260735093e+02
9.366557577541541377e+02
9.204690943124644491e+02
9.078334768687967653e+02
8.694465017358661498e+02
8.503665777631242690e+02
8.726801790758449897e+02
8.254301950054713188e+02
8.020720792185164782e+02
8.198224467058106484e+02
8.035931699540856243e+02
1.046376532066071150e+03
1.249025325486065867e+03
1.178020362873714248e+03
1.076028161496441953e+03
1.189964618645835117e+03
1.297455398384838645e+03
1.218418701346025955e+03
1.118393326196331600e+03
1.096247917591098030e+03
1.079941149694811429e+03
1.061366632827257263e+03
1.039985156413511959e+03
1.019395168320704443e+03
1.003798605458972929e+03
9.862531888252294721e+02
9.632945760373173698e+02
9.383320163859834793e+02
9.120874896447896845e+02
8.865346279646869334e+02
8.626074555920102966e+02
8.226844690169796195e+02
7.584349268253495211e+02
7.527724165607257873e+02
8.227891945569634800e+02
8.219534663364365770e+02
7.259170093698476194e+02
6.549557856674127834e+02
8.828702468610538290e+02
9.067237928870993073e+02
9.493921702085461902e+02
1.041096663385158308e+03
1.109979741493191796e+03
1.088782542974426860e+03
1.003165851960459236e+03
9.188319220721768943e+02
8.903218558143257724e+02
8.677719600936959523e+02
8.445366333983162122e+02
8.246410334417577133e+02
8.067475882874991839e+02
7.896347818045439908e+02
7.664773203540222539e+02
7.420722515919304669e+02
7.168370455925173701e+02
6.794630495406636328e+02
6.317267765635076557e+02
5.991131730801939739e+02
6.221514214538781289e+02
6.688749821306702188e+02
6.854000039847144308e+02
6.293989131406375463e+02
6.400529112877089801e+02
7.344145206928977814e+02
8.219285157062621465e+02
8.818258416428247983e+02
8.667141208425698551e+02
8.352637851333902290e+02
7.665977817216230505e+02
6.976159929340516328e+02
6.710681455852213730e+02
6.501869131108155671e+02
6.323288780890042062e+02
6.148337014114889598e+02
5.978727610389809115e+02
5.795178810362347122e+02
5.502333821251610289e+02
5.122369894543365945e+02
4.827250598907901917e+02
4.788630377433424883e+02
5.005582979258325054e+02
5.328703472338546590e+02
5.395655159780638996e+02
5.103888138967794816e+02
6.139834525001762131e+02
6.771231067698482775e+02
6.773055272762048844e+02
6.566519009055120932e+02
6.295952529832306936e+02
5.775756807435518567e+02
5.269544839760934565e+02
5.052244774602261259e+02
4.877542318340097722e+02
4.716127071519510423e+02
4.497448678529830204e+02
4.207429754955836074e+02
3.981096917281995502e+02
3.909978140820124395e+02
3.918717549657423547e+02
4.075935490154756735e+02
4.281408071383683023e+02
4.311865855324682002e+02
5.101097578964077570e+02
5.285334736313262738e+02
5.224844343207125803e+02
5.066253686708955115e+02
4.856904015674664379e+02
4.480467060305330733e+02
4.089695280128107697e+02
3.853668079476794333e+02
3.601450986900844100e+02
3.396933051650518109e+02
3.303526530125047316e+02
3.274457996846585388e+02
3.308145575566119305e+02
3.421984826238643222e+02
3.727835031632058076e+02
4.135579277418050879e+02
4.233117913210870142e+02
4.190233894079328252e+02
4.064673817903110944e+02
3.854347620480545515e+02
3.477831738606610656e+02
3.119237797481014240e+02
2.977343955313672836e+02
2.902743316979814949e+02
2.873354549809404830e+02
2.884353906260662939e+02
3.206732549881807017e+02
3.471717173702709260e+02
3.507061488438769743e+02
3.398427411377093676e+02
3.240493196260600826e+02
3.094642922742572750e+02
2.890320117675886422e+02
2.709761616205694281e+02
2.653529960617146344e+02
2.764114982041018607e+02
2.900059085164598400e+02
2.935487808318909515e+02
2.909730816072436141e+02
2.846597617936408255e+02
2.768043697155314931e+02
2.488418093821858861e+02
2.634788786265484646e+02
2.686679523418068243e+02
1.089387081978422430e+03
1.010848963555905812e+03
9.784354414172313454e+02
9.209223795564081456e+02
1.083562186603327518e+03
1.103754687271009971e+03
9.775389877833420087e+02
1.072607299176864899e+03
1.071470050352697399e+03
1.056464820673291570e+03
1.054538424791679518e+03
1.031025348515647465e+03
1.029017861417624090e+03
1.033496454799951607e+03
1.026664400175675382e+03
9.950993763723595293e+02
9.888131887790045766e+02
9.936365459972503231e+02
9.837819789086429410e+02
9.582981707144924712e+02
9.467335282332018096e+02
9.352092910185516530e+02
9.213496212490136941e+02
9.373854270703606062e+02
9.053966259948465449e+02
8.132857266478013116e+02
8.414871271031076958e+02
8.616331073158911522e+02
8.486832202937545162e+02
8.708317380330244077e+02
1.314543288320113561e+03
1.258046066794876197e+03
1.458888705886952494e+03
1.629373709734689783e+03
1.448062891008564293e+03
1.192669637812821065e+03
1.211356670637966090e+03
1.243491241714254329e+03
1.229678520782164014e+03
1.215004197041712587e+03
1.201013855672361387e+03
1.195354123442650234e+03
1.180244800362484284e+03
1.154033942602045272e+03
1.128178637101162622e+03
1.105084259755474932e+03
1.083719850089354850e+03
1.060283858419951684e+03
1.032585885479756598e+03
9.995897136771334317e+02
9.794209436760781955e+02
9.784770737151043249e+02
9.207950623463962074e+02
7.572573017932436414e+02
7.213989069359651012e+02
8.767239283528043643e+02
9.474508633470533141e+02
1.553444524980449387e+03
1.624012794292880926e+03
1.557141586444171708e+03
1.353817815470599044e+03
1.124408743951347333e+03
1.081880527242574317e+03
1.076855068040658352e+03
1.082950038721336568e+03
1.072987924693884906e+03
1.059527301301621037e+03
1.048559503017383122e+03
1.025007817749910146e+03
9.996256862448049105e+02
9.699430524615135027e+02
9.404535909499968511e+02
9.158941589274701300e+02
8.904390979577881353e+02
8.650607645877704499e+02
8.466602036972900578e+02
8.269625868968844316e+02
7.539344955179319641e+02
6.329449138331539189e+02
5.539914886556649662e+02
6.212512662272437183e+02
1.380638940104232461e+03
1.280817723046865467e+03
1.108965816616773509e+03
9.243791601703114793e+02
8.795488764305882796e+02
8.536888991766297750e+02
8.436228759511443513e+02
8.440534157255731316e+02
8.333676206971455258e+02
8.195247561744002951e+02
7.992145902753771907e+02
7.768719442774524850e+02
7.504814022963016669e+02
7.262001592647162624e+02
7.081194226070183504e+02
6.924802858138217516e+02
6.764324432413759496e+02
6.488261051965151864e+02
5.880047863370352843e+02
4.969939098926505494e+02
4.345551003465189410e+02
1.008811084665291901e+03
8.700509640944850389e+02
7.292115310334069136e+02
6.857567591272648997e+02
6.608294319788078610e+02
6.432379269036792948e+02
6.351164143824169059e+02
6.300482627250689802e+02
6.199194613122872397e+02
6.052761641526078620e+02
5.878003676364564853e+02
5.717462571118953747e+02
5.601073084470854155e+02
5.481768437995121985e+02
5.303351194307687138e+02
5.082007352604921948e+02
4.615235484625943059e+02
3.932865559111259586e+02
6.879527336146763901e+02
5.774724943020436285e+02
5.377397138788135180e+02
5.136573111388253210e+02
4.973461745192385024e+02
4.846366719443564079e+02
4.766914447361509133e+02
4.744170368250809702e+02
4.667509916452740981e+02
4.601348324792557491e+02
4.527497801968347062e+02
4.409606621177944135e+02
4.270835552483716242e+02
4.088905423333303588e+02
3.737112427459763921e+02
4.727563667628428448e+02
4.357438277364552164e+02
4.128725673491352381e+02
3.961359204061400874e+02
3.847942341393340939e+02
3.787212068766868924e+02
3.786600368164345127e+02
3.800593368188044678e+02
3.750205054098333335e+02
3.666782726954813825e+02
3.564429573396715227e+02
3.430652101770632498e+02
3.707609411400499653e+02
3.476737400299095384e+02
3.330929198904631221e+02
3.260053412826889030e+02
3.223265257621017099e+02
3.196256431955567905e+02
3.172242007584199541e+02
3.148227061859378182e+02
3.081773107092539021e+02
3.131456138867119421e+02
3.009666144089521822e+02
2.917503685480842819e+02
2.852392797586447273e+02
2.810919829099033223e+02
2.766822064006090613e+02
2.814120846936461362e+02
2.701041428787136738e+02
2.622325986940730331e+02
9.221729851311910124e+02
1.019454899352142661e+03
1.045952779471497024e+03
1.124247003538648642e+03
1.054667867975711260e+03
1.063330707109859759e+03
1.171151949684556712e+03
1.104083456440631608e+03
1.096396010013051182e+03
1.088940731983219848e+03
1.069427133355987053e+03
1.064108902880234837e+03
1.051255247736845149e+03
1.041718321319205643e+03
1.026886559680002620e+03
1.017291768719509378e+03
1.001503632148805764e+03
9.880483427616264862e+02
9.734439163803961037e+02
9.574906019260735093e+02
9.366557577541541377e+02
9.204690943124644491e+02
9.078334768687967653e+02
8.694465017358661498e+02
8.503665777631242690e+02
8.726801790758449897e+02
8.254301950054713188e+02
8.020720792185164782e+02
8.198224467058106484e+02
8.035931699540856243e+02
9.905400051178331751e+02
1.206070005582085059e+03
1.306188290556275433e+03
1.142892699134445820e+03
1.131285969575696299e+03
1.332433537361041772e+03
1.263228965975441952e+03
1.160097469080398241e+03
1.140800534116719064e+03
1.120784077509377994e+03
1.108762400876991705e+03
1.089240388760078076e+03
1.069471938396732639e+03
1.052063585489667503e+03
1.036397026843861568e+03
1.015773405278553469e+03
9.915479650443095352e+02
9.683935330582139613e+02
9.419531072573532811e+02
9.164560888130087051e+02
8.933215012280131759e+02
8.509046957104784497e+02
7.836047612841241516e+02
8.028823868391962151e+02
8.709997251440051969e+02
8.020220169627623363e+02
7.185522725008632960e+02
7.269955681869589625e+02
1.081827268217434266e+03
1.188651293906941646e+03
1.043645607136832496e+03
1.043848258473095939e+03
1.240700654502025372e+03
1.232835835829655707e+03
1.136323210882221474e+03
1.041816970660710922e+03
1.014773341496245621e+03
9.987876570686537434e+02
9.733811404784640899e+02
9.535257524501938633e+02
9.317966891490985972e+02
9.151618185057234314e+02
8.942334059904241030e+02
8.703151563671361828e+02
8.440886249513821440e+02
8.147133823228755318e+02
7.889907755299685732e+02
7.510057226649341828e+02
6.947774246168650052e+02
6.576300315085079546e+02
7.173972838783930683e+02
7.762247087946067268e+02
7.135026506931880022e+02
5.902553418002665921e+02
9.156925475586089078e+02
8.575348043317351312e+02
8.835302035128175930e+02
1.074059168219614321e+03
1.069568653393530667e+03
1.031341944612190900e+03
9.508324609806992385e+02
8.678715177406251087e+02
8.445079893395039790e+02
8.193584829153720648e+02
7.978687467420111261e+02
7.764101112390881099e+02
7.598002221449061153e+02
7.422907513621286171e+02
7.189705112656790789e+02
6.967822366625616723e+02
6.697639380897736601e+02
6.333242873014269207e+02
5.886938725308474432e+02
5.560362318891202449e+02
5.575360439667181254e+02
6.161009870052939732e+02
6.620582945884041237e+02
5.969686133065040394e+02
6.262100093261705069e+02
6.980756048280832147e+02
8.830942934571841079e+02
8.952977697931435159e+02
8.670360401806101436e+02
8.357657115197906705e+02
7.677113416097382697e+02
7.043006042197433771e+02
6.765701155439510330e+02
6.548055351901285803e+02
6.346566992196420642e+02
6.198794293657468870e+02
6.025629903128228761e+02
5.838498204387369697e+02
5.653442823736803575e+02
5.340677167631994280e+02
4.944330001996634110e+02
4.658450235247348132e+02
4.614780053597819460e+02
4.707421085757671335e+02
5.232587134002061475e+02
5.550606135742445986e+02
4.997883627469111048e+02
6.900345422836757052e+02
7.276449748074840045e+02
7.180249256676140703e+02
6.967544779234763155e+02
6.689791639689607337e+02
6.200386303466924574e+02
5.645618060777067058e+02
5.409754618702029347e+02
5.221303262632840188e+02
5.077724876303407200e+02
4.925491392760679332e+02
4.752037372141444962e+02
4.541032932642388005e+02
4.222842827149939922e+02
3.962424528001295698e+02
3.879205729164290233e+02
3.897018569015371554e+02
4.009992653346557745e+02
4.447580083024837450e+02
4.967333771628825616e+02
5.712686202373201922e+02
5.859941743816626740e+02
5.802471182713069311e+02
5.636076990154019768e+02
5.453909526498646301e+02
5.026600281641432844e+02
4.592011157925728071e+02
4.388418106588685532e+02
4.252560519914765678e+02
4.105028468582153778e+02
3.893776101687408868e+02
3.661377788322631659e+02
3.451559774393915063e+02
3.351635554945235640e+02
3.325250230142582382e+02
3.366033341102061058e+02
3.467381937550123325e+02
4.216513115835152234e+02
4.686851877828071906e+02
4.825986557596409625e+02
4.789098655858334155e+02
4.700304257297112258e+02
4.513064497601989160e+02
4.169735813233897375e+02
3.823447217202269144e+02
3.669439800326665022e+02
3.480506719542051428e+02
3.244797608034693326e+02
3.074483842177464794e+02
2.977720704183877842e+02
2.928862534201517178e+02
2.928498403178862759e+02
2.974973386859559810e+02
3.603760579112288269e+02
3.979398692302214613e+02
4.095329285899506431e+02
4.109400867056801303e+02
4.000261936393574160e+02
3.831334259307359389e+02
3.551883271831707702e+02
3.251989471220707628e+02
3.021845389991976845e+02
2.821971797760599543e+02
2.732501280536960167e+02
2.667209461135685160e+02
2.632945910780184704e+02
2.643000649091727041e+02
3.204871514569771875e+02
3.499124741255260460e+02
3.625895831592472405e+02
3.599064297331319153e+02
3.485718859896169874e+02
3.306101490322764107e+02
3.032248059113312024e+02
2.742065945809032996e+02
2.592174715246362666e+02
2.520331284757587014e+02
2.465727576110442385e+02
2.434218066201322017e+02
2.948498493086430585e+02
3.204502899618506717e+02
3.261958447945177682e+02
3.185285358880443596e+02
3.030377983028585049e+02
2.869652719764092694e+02
2.668616191420435939e+02
2.470150197090480049e+02
2.396645823903333792e+02
2.341166606784586861e+02
2.801452200028478501e+02
2.936631292808058902e+02
2.905807518109639318e+02
2.812880228872960515e+02
2.733472071203308928e+02
2.621321007809497701e+02
2.460576352294746414e+02
2.338784378878447967e+02
2.599198926005813632e+02
2.655223787465681085e+02
2.653369610459404271e+02
2.627372840809543391e+02
2.555501353843124548e+02
2.456365517478343179e+02
2.433975341263241319e+02
2.506777758910419038e+02
2.531686224525063551e+02
2.497874109300465193e+02
2.352708264647635303e+02
2.432957096588132799e+02
