1.085204850036310518e+03
1.005135226190989783e+03
9.707523018445150456e+02
9.131129185785421214e+02
1.073923726161565583e+03
1.093295474072141133e+03
9.668842827460781564e+02
1.052759072445562651e+03
1.055505628720942468e+03
1.043365275019466480e+03
1.041401312847689269e+03
1.019929650930124126e+03
1.018306235342714444e+03
1.023397738731222489e+03
1.017424866067475136e+03
9.866557620437274636e+02
9.793787861196781250e+02
9.848893000070422659e+02
9.744104844868651298e+02
9.484773727454609116e+02
9.372380953140817610e+02
9.271687696072531253e+02
9.137405486660729821e+02
9.294391119388021707e+02
8.967822923645393303e+02
8.060254427092113474e+02
8.341510171979793995e+02
8.553961845691784447e+02
8.424255259528764554e+02
8.677038948021771603e+02
1.383686066224620618e+03
1.260228966620442407e+03
1.137309275826044313e+03
1.298017713915956165e+03
1.568721949654913487e+03
1.341718410507977751e+03
1.136134153030160178e+03
1.266500328630649847e+03
1.250953360562944681e+03
1.239569967681311937e+03
1.225868289291684505e+03
1.209940718796657166e+03
1.208056409210450965e+03
1.193614965872238599e+03
1.167834073751538654e+03
1.143187098046573965e+03
1.129172194718677929e+03
1.113751232183263483e+03
1.090582345285654810e+03
1.067074393643555368e+03
1.032285258747553371e+03
1.004947547742620259e+03
1.014705193165152195e+03
9.967134332310379250e+02
8.241392206408728498e+02
7.681780604339057845e+02
9.382962607932457786e+02
9.632072214918591726e+02
9.392216311236521733e+02
1.503103533047579958e+03
1.282849617389344758e+03
1.452178059214389577e+03
1.707381508659488190e+03
1.701630173817849709e+03
1.389952498366231112e+03
1.148056805276242130e+03
1.281848026637891508e+03
1.273886108283941667e+03
1.251608016239489189e+03
1.242330053249498405e+03
1.226189301145766649e+03
1.222108781826859740e+03
1.190900609543720975e+03
1.164010314380579302e+03
1.135999862778457782e+03
1.108441338964976239e+03
1.084284498347729595e+03
1.058996922479130262e+03
1.022099722986732445e+03
9.847941502371639899e+02
9.873683396560284109e+02
9.657279851132417434e+02
8.152821309206412934e+02
6.555377014261135855e+02
7.664873886579831606e+02
9.484740435087807100e+02
9.724373754752575678e+02
1.371196540180177180e+03
1.510942519502402092e+03
1.744524380948945691e+03
1.672091874547260431e+03
1.605756371326977842e+03
1.287883352225344424e+03
1.041374520979379213e+03
1.174458572143107403e+03
1.162268626527108609e+03
1.144887311314912949e+03
1.135044716680077954e+03
1.121962457910167814e+03
1.108385197612147294e+03
1.075367105684899116e+03
1.048012721208989660e+03
1.011312208061535785e+03
9.832761648995449377e+02
9.583404538172995899e+02
9.243344452600944123e+02
8.921847424698843270e+02
8.914304023564575346e+02
8.690493379618100107e+02
7.365843089232838565e+02
5.841375924607729075e+02
5.835843604868771308e+02
7.192283795272669522e+02
8.919671026390847146e+02
1.525317107647297007e+03
1.715119286418178262e+03
1.598779182410655721e+03
1.481967104107896603e+03
1.409007645506670315e+03
1.113442091813585648e+03
8.949308488642731163e+02
1.008871203898347972e+03
1.003177185552201991e+03
9.868541179729065789e+02
9.807079524300530693e+02
9.623056612192503962e+02
9.467745009983708542e+02
9.173509939459891029e+02
8.845741216726980838e+02
8.519372888957385612e+02
8.270058090105578685e+02
7.981831818316446743e+02
7.706252652919043840e+02
7.754358076887385778e+02
7.578948715877234008e+02
6.446301983118503358e+02
5.025425846771088914e+02
4.857616799164789541e+02
5.164927067175797220e+02
6.540063192416363336e+02
1.667662926730663230e+03
1.511473889045366832e+03
1.363536843977552508e+03
1.257962825244799433e+03
1.185326761870728660e+03
9.324958948796456752e+02
7.417179421230702019e+02
8.421534870175670449e+02
8.382233051762406149e+02
8.277953011825362637e+02
8.166642308868856617e+02
7.977882186337566282e+02
7.859372557886516688e+02
7.552682588645894839e+02
7.275923846456130377e+02
7.004541716718132420e+02
6.761238449211157331e+02
6.546919570989746262e+02
6.610245688580174601e+02
6.544039887447918318e+02
5.613674466358935433e+02
4.322454358614924104e+02
4.042275983660001657e+02
4.147777446246294062e+02
4.584003719932600802e+02
1.435979025947757464e+03
1.262326147580214183e+03
1.136815958834550656e+03
1.045921877408198725e+03
9.825014023709496769e+02
7.643021885157492079e+02
6.079512142303950668e+02
6.927542490364370451e+02
6.943249117230959655e+02
6.813867734077779232e+02
6.686490874268331481e+02
6.553216117450331240e+02
6.418646416176551384e+02
6.178427867980385599e+02
5.956799648280159545e+02
5.720291111191752407e+02
5.556583648754708520e+02
5.651526622182011579e+02
5.635806211338698404e+02
4.915482564162273320e+02
3.769741790653243356e+02
3.438105297216763461e+02
3.399950502200746314e+02
3.635141180643985308e+02
1.188353507029134562e+03
1.045692636184523508e+03
9.436737229402160665e+02
8.698361980009888157e+02
8.069401806411541429e+02
6.256554410361202372e+02
4.974045443797294865e+02
5.724980667759671178e+02
5.714768669823911296e+02
5.582169646015088347e+02
5.502245542097730322e+02
5.370706039166713026e+02
5.279339046684484629e+02
5.101741444642517536e+02
4.921009359336530338e+02
4.765159696807028809e+02
4.884684750340163646e+02
4.931088741020914767e+02
4.335161331572975882e+02
3.341910135913965973e+02
3.007138290312250319e+02
2.890317750007556583e+02
2.980332642542106782e+02
9.868156988794461313e+02
8.730922710463852354e+02
7.930420843896108636e+02
7.247767627577331950e+02
6.674740456198347829e+02
5.151166787655122334e+02
4.128667366043092102e+02
4.743549579344534095e+02
4.721815282023516716e+02
4.645307043183692031e+02
4.563695230341614888e+02
4.475645990260351255e+02
4.425910416204222315e+02
4.298203569083256070e+02
4.187612623944694406e+02
4.294151780297131040e+02
4.388790414826232222e+02
3.909565194042895087e+02
3.002891637900212913e+02
2.695006224655284086e+02
2.549923043199235906e+02
2.556210173553862717e+02
8.338004096493934867e+02
7.445586836626638387e+02
6.731803934450945235e+02
6.123470951665689199e+02
5.587075990457177568e+02
4.327050985567120165e+02
3.456925743205193271e+02
3.968680442551046781e+02
3.991940467644580508e+02
3.922681137493253800e+02
3.872352409000310445e+02
3.825619357753379859e+02
3.811946968730796357e+02
3.750022908233390240e+02
3.880653851266980610e+02
3.979835036099271974e+02
3.590083643613318714e+02
2.768974709639387584e+02
2.458327808670160834e+02
2.315367674677855234e+02
2.285539011187518952e+02
7.240994555185892523e+02
6.445693047579829908e+02
5.817034886295708702e+02
5.257523046195087773e+02
4.789281120983669098e+02
3.677321782137689752e+02
2.932764356395451841e+02
3.412943330299141849e+02
3.436910019310233793e+02
3.398324486887908051e+02
3.380770449543555287e+02
3.371407356316980781e+02
3.405833896911268539e+02
3.572286975871267600e+02
3.706253992831908022e+02
3.352169132744355693e+02
2.598638354740381828e+02
2.305640607463703589e+02
2.143330556258338220e+02
2.105589575087089997e+02
6.399170107846171049e+02
5.688002151239054456e+02
5.116418217677959319e+02
4.629303172795256955e+02
4.156707845470700136e+02
3.169419346247687486e+02
2.563416436553617928e+02
2.992725960188481622e+02
3.036673211817095535e+02
3.030677650408589443e+02
3.045595572889384925e+02
3.079756571485917220e+02
3.322300782868350097e+02
3.503884454655400305e+02
3.203629007261971537e+02
2.473938053480501651e+02
2.198382917451147875e+02
2.040340619739511965e+02
1.976324847331850663e+02
5.761249646469877916e+02
5.107398727458688654e+02
4.611721826018485899e+02
4.121089839324962441e+02
3.655722676061161565e+02
2.815147857910747575e+02
2.283876557004692529e+02
2.689835640916194279e+02
2.758568431377134971e+02
2.785665016094468456e+02
2.837043124998641588e+02
3.066587267008542881e+02
3.329138870679351498e+02
3.094793338225870798e+02
2.403733256191087833e+02
2.121441244866294085e+02
1.970717523401754931e+02
1.905292251178582319e+02
5.269535469859787327e+02
4.690721035686638629e+02
4.191560927237259762e+02
3.708126159535259490e+02
3.309417225355122127e+02
2.545218278089554360e+02
2.081577956125389619e+02
2.480691428691860381e+02
2.577373028936195283e+02
2.638839039061710423e+02
2.873675889907157739e+02
3.127663735273255838e+02
2.990144031780507703e+02
2.353418383447936151e+02
2.084369695018730226e+02
1.921683035633352006e+02
1.859060998861347969e+02
4.917195503891471162e+02
4.331499797184241061e+02
3.839345838294360078e+02
3.425899303044099611e+02
3.041533410326928220e+02
2.348777616076670540e+02
1.942478169407155804e+02
2.347714615316455422e+02
2.473591151459651201e+02
2.710937392200074783e+02
2.972847850685938624e+02
2.847730316964668305e+02
2.297206683362266233e+02
2.058750050618432681e+02
1.903659413623003047e+02
1.826770624126249629e+02
4.599989947880123964e+02
4.020116567024115852e+02
3.601675348577924183e+02
3.202267699969507930e+02
2.844499238152050680e+02
2.214430523123708099e+02
1.856305384359999948e+02
2.275756204788583261e+02
2.568556868883891866e+02
2.836915336709709550e+02
2.736378842753259164e+02
2.205981248811257274e+02
2.022745392145155847e+02
1.891942678766745871e+02
1.819952216114964472e+02
4.314823775124102099e+02
3.812910639226116700e+02
3.408201176170105100e+02
3.035408865232363382e+02
2.710958277626085078e+02
2.134168700427596548e+02
1.812749391500306899e+02
2.382429944268884014e+02
2.711309788090178472e+02
2.634478358337523218e+02
2.133835692488446227e+02
1.952674426442763433e+02
1.867076379795376795e+02
1.816015173731916548e+02
4.128344285782431484e+02
3.639562363338344539e+02
3.261711368168021181e+02
2.924283559543451361e+02
2.635765942065474974e+02
2.097915688690113143e+02
1.909193821168240959e+02
2.531605060766377164e+02
2.535058054714361901e+02
2.065632778257037785e+02
1.896710811106356687e+02
1.808675260487896992e+02
1.796874338537260485e+02
3.967829362865011831e+02
3.506531674115038868e+02
3.166188234863450930e+02
2.868167893194381008e+02
2.608821971052460640e+02
2.221756832476265799e+02
2.038858229736839860e+02
2.379876684794051869e+02
1.996229898622270014e+02
1.842402218849516657e+02
1.761543620583020129e+02
1.744118726363744827e+02
3.843142343891508403e+02
3.421853196446043057e+02
3.124513554215015461e+02
2.858452183057995057e+02
2.778854928024132960e+02
2.510294065186626540e+02
1.924820829645704805e+02
1.880627937446887472e+02
1.785268887588014479e+02
1.714822931281839260e+02
1.701027934212165746e+02
3.766242808367942416e+02
3.391371243100213633e+02
3.128920578096756913e+02
3.062725914915666863e+02
3.132232939853920470e+02
2.586562479937982744e+02
1.525382868371079326e+02
1.685590459382929112e+02
1.664395127668657040e+02
1.657673886554306080e+02
3.745854644818226689e+02
3.407709408639919388e+02
3.366500928584428038e+02
3.447181100326320120e+02
3.205364947244960376e+02
2.016369796760012889e+02
1.369693147276582579e+02
1.573592505041186200e+02
1.610093456117159576e+02
3.774588317269632398e+02
3.677547086607556821e+02
3.780663285526177333e+02
3.508357080010633808e+02
2.518979514910678574e+02
1.783240867581936868e+02
1.280143567421907846e+02
1.523089150427902041e+02
4.084090557675187370e+02
4.119182652285709310e+02
3.826179573701114691e+02
2.777928670917082741e+02
2.242278706989496584e+02
1.643322913501351934e+02
1.239645364655240058e+02
4.563508930707633340e+02
4.145809164920647731e+02
3.048172547615475310e+02
2.487881418283036510e+02
2.077261000946423621e+02
1.570261193283232046e+02
4.569985432463338384e+02
3.319648439774475150e+02
2.743359254931029909e+02
2.316283021110457128e+02
1.993161489641201456e+02
3.675932730939053386e+02
2.999886201393853753e+02
2.564432394652688458e+02
2.231234371815115765e+02
3.333851084147974575e+02
2.813591200778110988e+02
2.478027110056009690e+02
3.136095178286741429e+02
2.725791205596171949e+02
3.045149895995220959e+02
9.220563698934645345e+02
1.021546054278549263e+03
1.044511697758094670e+03
1.119707803876854086e+03
1.049282927802386212e+03
1.057524264308871807e+03
1.162754630235241848e+03
1.096880572902105314e+03
1.087774040603011372e+03
1.081935439121044737e+03
1.063679780161557346e+03
1.058737786084746176e+03
1.046563822035348039e+03
1.037144043319681714e+03
1.022762124009458830e+03
1.013248117644921535e+03
9.977306382596683534e+02
9.837379349430009370e+02
9.693967476565668449e+02
9.530872825603645424e+02
9.324651786115339291e+02
9.165984759258407166e+02
9.039654751926393601e+02
8.653441491558598955e+02
8.464177991428363157e+02
8.684083816018460311e+02
8.217896115540805795e+02
7.993893075156146324e+02
8.209386233850460712e+02
8.076716820534725230e+02
1.062476570158228697e+03
1.257905932695255615e+03
1.183891657335587070e+03
1.080858704551605342e+03
1.196074939975330381e+03
1.303036876192556974e+03
1.225782875002222227e+03
1.126384858470600648e+03
1.104958581237043973e+03
1.087914267657966775e+03
1.069591338364119110e+03
1.047450283414372507e+03
1.026640578176539293e+03
1.011315084077763231e+03
9.935570175228159542e+02
9.698909310516193045e+02
9.448728199418191025e+02
9.181535854836297403e+02
8.924303930096754129e+02
8.683736870135185200e+02
8.282384045979026723e+02
7.627199321110975916e+02
7.563150117188966988e+02
8.261772677695296352e+02
8.251239508732113563e+02
7.301023191797592062e+02
6.651031985925690151e+02
8.897516166683767551e+02
9.113068321353916872e+02
9.550313647760424374e+02
1.046999781033834324e+03
1.115707236767481390e+03
1.095378428858524785e+03
1.009899343107846676e+03
9.250250674052252862e+02
8.970205656688139015e+02
8.739895246173045962e+02
8.503076528944992560e+02
8.305928962391884625e+02
8.121856139667722800e+02
7.947799652774699553e+02
7.713472015441834628e+02
7.465117223046081563e+02
7.209976744307621175e+02
6.833098157576088170e+02
6.348937604869408915e+02
6.017589767922289639e+02
6.242929542188658161e+02
6.705163452913084257e+02
6.850353691666033455e+02
6.295767792850174374e+02
6.380067647734410912e+02
7.335370943264276775e+02
8.224036389057600900e+02
8.828209635703751701e+02
8.679139629040082582e+02
8.371525220275150332e+02
7.677510068283119153e+02
6.985292265282204198e+02
6.723282109224845726e+02
6.512773992646422130e+02
6.328549760478967983e+02
6.154703708934373481e+02
5.984861947953100980e+02
5.802441515981431621e+02
5.506705608364799218e+02
5.125741260783680673e+02
4.829642569009168369e+02
4.789514643462794083e+02
4.996692233413102144e+02
5.306588999191172888e+02
5.350114240577634064e+02
5.067999125396463569e+02
6.115088971614765114e+02
6.755468025868727864e+02
6.761340808475256381e+02
6.555683153110678631e+02
6.283182241701906605e+02
5.763013201285982632e+02
5.257412411644565964e+02
5.042656354188803220e+02
4.869325942592045635e+02
4.706622725225092836e+02
4.488324712895122275e+02
4.199850801230219872e+02
3.974817545679109116e+02
3.904336390670686114e+02
3.911546837243539585e+02
4.059946405885189051e+02
4.250795036202724191e+02
4.288743436097813628e+02
5.082015993008837995e+02
5.274211998598553919e+02
5.215438229123719793e+02
5.052313107870580211e+02
4.845098663815746818e+02
4.469071669492587944e+02
4.079861260311016622e+02
3.847261061048489523e+02
3.597187626734719288e+02
3.392371854841387631e+02
3.301544704150095981e+02
3.273829699274770064e+02
3.305166691669692227e+02
3.410094508908665603e+02
3.724459658511834732e+02
4.137324232644871245e+02
4.235694957972242491e+02
4.187401468557629869e+02
4.059003718248340533e+02
3.848845958006441492e+02
3.473065331171786738e+02
3.116431648660293376e+02
2.979684762345957552e+02
2.910647049305746350e+02
2.883308293481759961e+02
2.890395669122393656e+02
3.222919377922171975e+02
3.483266923366425090e+02
3.512012174633557606e+02
3.398824353340077096e+02
3.237186326323010803e+02
3.093951900296307826e+02
2.896312407983677417e+02
2.721393010121541352e+02
2.667747824555705165e+02
2.779756997281514259e+02
2.906685023671356589e+02
2.939256430488306364e+02
2.914419546748285939e+02
2.854859348414915985e+02
2.779845995755367767e+02
2.501854501791446808e+02
2.646381640315068466e+02
2.697002634791625155e+02
1.085204850036310518e+03
1.005135226190989783e+03
9.707523018445150456e+02
9.131129185785421214e+02
1.073923726161565583e+03
1.093295474072141133e+03
9.668842827460781564e+02
1.052759072445562651e+03
1.055505628720942468e+03
1.043365275019466480e+03
1.041401312847689269e+03
1.019929650930124126e+03
1.018306235342714444e+03
1.023397738731222489e+03
1.017424866067475136e+03
9.866557620437274636e+02
9.793787861196781250e+02
9.848893000070422659e+02
9.744104844868651298e+02
9.484773727454609116e+02
9.372380953140817610e+02
9.271687696072531253e+02
9.137405486660729821e+02
9.294391119388021707e+02
8.967822923645393303e+02
8.060254427092113474e+02
8.341510171979793995e+02
8.553961845691784447e+02
8.424255259528764554e+02
8.677038948021771603e+02
1.324426073934201895e+03
1.262794652112068661e+03
1.462387271997601147e+03
1.633031065162836057e+03
1.455944247305722001e+03
1.201638097528143135e+03
1.223368598245611111e+03
1.254069395079822016e+03
1.241110718990106761e+03
1.226210558253737190e+03
1.212178795531285687e+03
1.205884256065954560e+03
1.190247945065887734e+03
1.162436126095174586e+03
1.136396864317309337e+03
1.114605782991972774e+03
1.093748439147619820e+03
1.069781555722921667e+03
1.042190082702487643e+03
1.006739886686276577e+03
9.860493377484100392e+02
9.853944167454297940e+02
9.276009634942442972e+02
7.630157098076048214e+02
7.261593268300753152e+02
8.822398691589941109e+02
9.553369762893057668e+02
1.563970531432401003e+03
1.633857205652099537e+03
1.568289963391166339e+03
1.365635720603135496e+03
1.135073216833026436e+03
1.094169374794984151e+03
1.088407474291957215e+03
1.093366084628376484e+03
1.083372067563569999e+03
1.069970872915325344e+03
1.059249871681649893e+03
1.035345461093614404e+03
1.008801466186955281e+03
9.786776365290787680e+02
9.492276224125638464e+02
9.230279227469641228e+02
8.965944867647162937e+02
8.707119673628094461e+02
8.521752845076623544e+02
8.320348630683233750e+02
7.576956189203025360e+02
6.360151575910704196e+02
5.569580435367493010e+02
6.246226474859663540e+02
1.380722410520487983e+03
1.283331093784638142e+03
1.110416609866211502e+03
9.258074958592698067e+02
8.827420082474106948e+02
8.563159669195167680e+02
8.455197132731316287e+02
8.464484483838915594e+02
8.354173983722998855e+02
8.216797255164403850e+02
8.010149417366919806e+02
7.781927784560099326e+02
7.513504800885485793e+02
7.270015606906034691e+02
7.076590211946484033e+02
6.917735283016604626e+02
6.759593919467022261e+02
6.481976464918840293e+02
5.863919970305124707e+02
4.952080638493469564e+02
4.329384375310787050e+02
1.004637203573293732e+03
8.667337968347391097e+02
7.265089974946509983e+02
6.841989144164602976e+02
6.596476556005341081e+02
6.418245148954647448e+02
6.336753442442496862e+02
6.284751713681688443e+02
6.181299114866651507e+02
6.033389570569650004e+02
5.858328835669906312e+02
5.697655848494640622e+02
5.584944115815117129e+02
5.465165175586741952e+02
5.285131808210649069e+02
5.058732150053714918e+02
4.588746591099543366e+02
3.908352390568457508e+02
6.848783674365771503e+02
5.750187329902645388e+02
5.363643964965858686e+02
5.127940461606370945e+02
4.961900608071750298e+02
4.835032473491677365e+02
4.753257996330787591e+02
4.730723588723673174e+02
4.655160199998953772e+02
4.592649000526847090e+02
4.520669199509974305e+02
4.405344776843976433e+02
4.262693912388924673e+02
4.077766279186681118e+02
3.725260754847697058e+02
4.720791819117598038e+02
4.358363386421726773e+02
4.134404213135715054e+02
3.967166071091976960e+02
3.853569334058479967e+02
3.790744201326531311e+02
3.791811279714021339e+02
3.810441888967960722e+02
3.760603227917723643e+02
3.674213723168700767e+02
3.568763714237383056e+02
3.432995081858128401e+02
3.719315882228046348e+02
3.494888198167769815e+02
3.349579946019360932e+02
3.279289566029336243e+02
3.242260182800614530e+02
3.214415141317765574e+02
3.189723397317678746e+02
3.165498407867518154e+02
3.095734843841336215e+02
3.151619730154218928e+02
3.030810777150432500e+02
2.937216367983970713e+02
2.869970288616287917e+02
2.827056271571844377e+02
2.783584447799085524e+02
2.821977872496617579e+02
2.708488904514953788e+02
2.629539972381926418e+02
9.220563698934645345e+02
1.021546054278549263e+03
1.044511697758094670e+03
1.119707803876854086e+03
1.049282927802386212e+03
1.057524264308871807e+03
1.162754630235241848e+03
1.096880572902105314e+03
1.087774040603011372e+03
1.081935439121044737e+03
1.063679780161557346e+03
1.058737786084746176e+03
1.046563822035348039e+03
1.037144043319681714e+03
1.022762124009458830e+03
1.013248117644921535e+03
9.977306382596683534e+02
9.837379349430009370e+02
9.693967476565668449e+02
9.530872825603645424e+02
9.324651786115339291e+02
9.165984759258407166e+02
9.039654751926393601e+02
8.653441491558598955e+02
8.464177991428363157e+02
8.684083816018460311e+02
8.217896115540805795e+02
7.993893075156146324e+02
8.209386233850460712e+02
8.076716820534725230e+02
1.008679308744392188e+03
1.215284673951781770e+03
1.309648106164409000e+03
1.145134084552754757e+03
1.134340972991466060e+03
1.337243874354630407e+03
1.268250643177286065e+03
1.167195791034060903e+03
1.148899115990881910e+03
1.127744212555166769e+03
1.116504931636165111e+03
1.096363359767345855e+03
1.075700940012226056e+03
1.058232552519529918e+03
1.042940517185285671e+03
1.021646635845145738e+03
9.974243795053640724e+02
9.748234895925720593e+02
9.476132566323192350e+02
9.217492429466872181e+02
8.988167691973984574e+02
8.552884921616727070e+02
7.873178807228841833e+02
8.063677246999171757e+02
8.742671668418335003e+02
8.048050896824174743e+02
7.238401241027086144e+02
7.397151064299665677e+02
1.094139658724380070e+03
1.197562748149402523e+03
1.051585800854121999e+03
1.052140149475886574e+03
1.250275370022386596e+03
1.242321389628527413e+03
1.146538778903231332e+03
1.051613756634971196e+03
1.025041294377977692e+03
1.009196418053585489e+03
9.829849697887138973e+02
9.625144630272241102e+02
9.408432752874019798e+02
9.244873853327842426e+02
9.025005116060436876e+02
8.779640309686847104e+02
8.515236657036147108e+02
8.222082092109909581e+02
7.957335231525649988e+02
7.567435903740669119e+02
6.998390635005955573e+02
6.622403155447306062e+02
7.216119203451818294e+02
7.796787701179913483e+02
7.143684583987380847e+02
5.953560172390122034e+02
9.185940906504201848e+02
8.604129506995769816e+02
8.878536320748586377e+02
1.079306171975739517e+03
1.074188585972141709e+03
1.037301369472634860e+03
9.558935689064048802e+02
8.723896620539583182e+02
8.499957169504083367e+02
8.241386395810303611e+02
8.020771240022106667e+02
7.806756158770195952e+02
7.639620985994794182e+02
7.457723692843620711e+02
7.222707997163969367e+02
6.998395317790954095e+02
6.726017527020849229e+02
6.356715735175763484e+02
5.901647131476629511e+02
5.571932974246456070e+02
5.584499712496094617e+02
6.160806096570826185e+02
6.601390352578926013e+02
5.919137232798181003e+02
6.226230017441043856e+02
6.959411955919355250e+02
8.821079892187774476e+02
8.950039307666115747e+02
8.677416296479251514e+02
8.359789354514269917e+02
7.677501955157932798e+02
7.042826065646496545e+02
6.767988796583945259e+02
6.548906007828850306e+02
6.344241465194783132e+02
6.196333968374468668e+02
6.019770978842716431e+02
5.834805848507276096e+02
5.647098869807268784e+02
5.332168487026485764e+02
4.936292672039791682e+02
4.649593413010582594e+02
4.602258288258269658e+02
4.687555643208066272e+02
5.192870664882059373e+02
5.490534892793701829e+02
4.935450709325318144e+02
6.847798465576304352e+02
7.249990239405362900e+02
7.164718542702888726e+02
6.942067723879792993e+02
6.666267446551260036e+02
6.176544503932748285e+02
5.622738769013051296e+02
5.392965533010865329e+02
5.204355143043867429e+02
5.059439993224222576e+02
4.906701563207549270e+02
4.733928060509624629e+02
4.520364198540476650e+02
4.204812838558624435e+02
3.947926840224437228e+02
3.864708224765624323e+02
3.882196746735515944e+02
3.981845226564900599e+02
4.393646935354938705e+02
4.909283099662501400e+02
5.684684295004137766e+02
5.846557159377782682e+02
5.777272117684622117e+02
5.608575711761551474e+02
5.425567244765079522e+02
5.002007563383612023e+02
4.574377487733838734e+02
4.374677604388367058e+02
4.239388070326542106e+02
4.090008331134965829e+02
3.880548585899723548e+02
3.645181240578145889e+02
3.436900094377213009e+02
3.342885116368120748e+02
3.320394634933332441e+02
3.359684742089140173e+02
3.445914267462688940e+02
4.210739393643054882e+02
4.688486950556472266e+02
4.815372557660863890e+02
4.773985540664566543e+02
4.680178062902980969e+02
4.496261314638463205e+02
4.161868809508785034e+02
3.817752078185266100e+02
3.664951338225343989e+02
3.477811111807900488e+02
3.242603977801058477e+02
3.067947995343330376e+02
2.973038863711674367e+02
2.932238079081313913e+02
2.937361724577190216e+02
2.982016292595448022e+02
3.630502036881854906e+02
3.988768433977791688e+02
4.097643107612182121e+02
4.103492177013575883e+02
3.995120378791293092e+02
3.832960462679722582e+02
3.554789119947981249e+02
3.254980780359009032e+02
3.026317132855537011e+02
2.828483206833964800e+02
2.736435459953691520e+02
2.675466150216294636e+02
2.649684904623331363e+02
2.663961803181574055e+02
3.236839684413574787e+02
3.517710203093755581e+02
3.632445599563284304e+02
3.603589207879873015e+02
3.494812356111474401e+02
3.314626932057225304e+02
3.038234670993097666e+02
2.748036112131172217e+02
2.603467754746466767e+02
2.533577027712528604e+02
2.484353810567437222e+02
2.460773021398391336e+02
2.980345207825399712e+02
3.218565359780023414e+02
3.271393844355892497e+02
3.198530496253326305e+02
3.039077292529365764e+02
2.874522656469553681e+02
2.676454147412565590e+02
2.484354306803404029e+02
2.413245134929759104e+02
2.363897289455248085e+02
2.818849041991120998e+02
2.946865707522744060e+02
2.916561710360048778e+02
2.819190554825570416e+02
2.737828144593187858e+02
2.630020176716218998e+02
2.476048439778138004e+02
2.353226809435588791e+02
2.604862064331192641e+02
2.661309406067837813e+02
2.657628041642219046e+02
2.631475755179949374e+02
2.562885083245857345e+02
2.468271719746184942e+02
2.436506072837115084e+02
2.509013137277880219e+02
2.533380886758617407e+02
2.500824291501571395e+02
2.351137731222891034e+02
2.428992908786161706e+02
