1.616628424970934702e+03
1.457009704300520298e+03
1.389191112890699287e+03
1.318068635238287925e+03
1.493216186920315067e+03
1.605479901038257822e+03
1.426131759911837207e+03
1.545493310714602558e+03
1.504737211322991925e+03
1.481725912712105355e+03
1.472483110250498839e+03
1.435827939943945466e+03
1.426474321985097731e+03
1.427825057179007899e+03
1.409212311989613454e+03
1.359504328983259484e+03
1.341339700540290096e+03
1.339155836843071256e+03
1.313615798521335364e+03
1.269206873991947305e+03
1.242201831187668404e+03
1.219597107846993822e+03
1.188956814691922091e+03
1.192440407316500114e+03
1.129419756404094869e+03
1.003705827900436361e+03
1.027570357276238610e+03
1.065056071706666899e+03
1.048645003759555721e+03
1.080783804736057164e+03
1.972727471979498659e+03
1.730987701319767893e+03
1.615352868357433408e+03
1.917382550506707048e+03
2.178836672340635232e+03
1.778926357363130819e+03
1.640682494741243772e+03
1.755762905840815620e+03
1.681079802991103406e+03
1.676929295042664762e+03
1.655277569948475275e+03
1.630984838550631821e+03
1.620075282900037564e+03
1.602553157256547593e+03
1.560804567287981854e+03
1.523230027832317319e+03
1.496288903191029476e+03
1.465075705877654627e+03
1.424546632371207579e+03
1.387783265423327521e+03
1.341385153960455455e+03
1.300889280219853390e+03
1.297242022381726429e+03
1.246970178447238823e+03
1.037201039597473482e+03
9.694310317256483813e+02
1.170800341201873380e+03
1.216902053707961386e+03
1.192092291814921964e+03
2.006846839628771249e+03
1.708961338861489139e+03
2.055928998541765850e+03
2.409989541076567093e+03
2.080563538448109284e+03
1.775632490662027521e+03
1.555867350001905379e+03
1.666296903470402412e+03
1.608587963277462677e+03
1.602294428378429757e+03
1.586734511438277877e+03
1.559701857163085151e+03
1.550129532454179753e+03
1.512074455813874238e+03
1.476912757900118777e+03
1.439600436718999390e+03
1.395215253662964642e+03
1.361110209114342524e+03
1.329420647504490717e+03
1.282337404348996188e+03
1.230248988019292710e+03
1.226333733470862398e+03
1.180276532817815450e+03
1.005634049634050029e+03
8.207738710636282349e+02
9.583331615737961329e+02
1.167484049550547752e+03
1.234736013446422248e+03
1.784850521562827907e+03
2.016824997286032385e+03
2.353729305162769833e+03
2.078085454996297358e+03
1.900231929953596136e+03
1.554318318232692491e+03
1.328738622568971550e+03
1.448668982836989926e+03
1.395176603985535394e+03
1.396512195960568306e+03
1.374904420548937651e+03
1.357541789850430632e+03
1.335636318551072918e+03
1.302231936227914503e+03
1.270354128659749676e+03
1.223861768248541921e+03
1.185413111990638981e+03
1.160955011472860178e+03
1.122934616437094292e+03
1.080087481302440892e+03
1.071021675697237015e+03
1.033651355302366255e+03
8.881417189581859475e+02
7.179700567978738945e+02
7.255288478177394609e+02
8.884665687572802426e+02
1.097121813060545037e+03
2.001021993919567649e+03
2.189022276145893102e+03
1.909004155081103136e+03
1.789802388700120446e+03
1.586418294146484868e+03
1.269710967266539910e+03
1.086582819669525861e+03
1.190119995124294974e+03
1.150151149945069164e+03
1.146425883187492445e+03
1.134796819914322441e+03
1.110671993591941145e+03
1.092696990397396348e+03
1.065268368748313151e+03
1.027238741734079667e+03
9.899732753691361040e+02
9.641338515315733275e+02
9.360673723568551168e+02
9.042335234529464287e+02
9.047863537577346733e+02
8.719921264918416455e+02
7.550877990571350438e+02
6.028751601447854682e+02
5.927974984413465336e+02
6.344558297345042774e+02
8.056805040946452436e+02
2.094999623222095124e+03
1.715118986227379082e+03
1.588017336603644708e+03
1.450714129488780372e+03
1.265974025925119349e+03
1.014245606716347766e+03
8.620245730923699057e+02
9.516770877778183149e+02
9.154227242176156096e+02
9.208653392180862056e+02
9.036108049414275456e+02
8.839520901278257270e+02
8.721882142553532731e+02
8.418354732517183265e+02
8.117942830329112667e+02
7.868345700082312533e+02
7.621929417330480874e+02
7.405586121192129667e+02
7.465619561490178739e+02
7.292418745716481681e+02
6.342317785487704214e+02
5.023287297522935546e+02
4.798416747783680307e+02
4.981710893964157094e+02
5.582167016884230861e+02
1.607211074059113798e+03
1.402748885469720790e+03
1.269485891025929959e+03
1.147088076044704167e+03
1.004775642581951388e+03
7.972445107473191683e+02
6.769515177632283667e+02
7.473745317592756692e+02
7.261213069355759444e+02
7.261782575553410197e+02
7.119427295932148354e+02
6.997749048466399699e+02
6.855509763841517952e+02
6.625282231136949349e+02
6.423137016562762938e+02
6.204768999509958576e+02
6.039143806119259352e+02
6.145637026881679503e+02
6.054608469805616551e+02
5.366545739357427465e+02
4.220084174975303881e+02
3.941473708679772585e+02
3.950369866066004079e+02
4.292612120992554878e+02
1.306110683953391799e+03
1.120445287446703333e+03
1.007112289327705639e+03
9.172549737495889985e+02
7.951265176761555722e+02
6.267162781426480933e+02
5.293719907825001201e+02
5.934084754475655927e+02
5.729651620862930486e+02
5.740359442148921971e+02
5.667333881192940908e+02
5.538690798483862636e+02
5.444284813591793863e+02
5.298426368300533795e+02
5.128394868653922458e+02
4.988804879261440988e+02
5.112564732220405403e+02
5.092509654959486056e+02
4.561086337990642505e+02
3.619081317978027528e+02
3.319539786928798435e+02
3.231565218276892892e+02
3.378038542888712072e+02
1.050837227869787966e+03
9.006816236933442497e+02
8.197821444619162321e+02
7.406980217457058870e+02
6.353084844821521529e+02
4.952070654225419730e+02
4.234815423801283032e+02
4.737248948849648968e+02
4.578243675598341724e+02
4.641667328571141411e+02
4.565062733269410842e+02
4.478146339139149177e+02
4.442900913843550370e+02
4.333991493102624872e+02
4.232150716415052329e+02
4.347620538506857315e+02
4.374312204805354440e+02
3.970566194952687624e+02
3.145844995820391432e+02
2.884769508573367034e+02
2.745516078536514897e+02
2.775702218619294399e+02
8.606649952337673994e+02
7.512308817453089205e+02
6.804162529593072577e+02
6.087974553750777886e+02
5.147122952532970430e+02
4.034673406586421152e+02
3.433654672330580411e+02
3.859166458969844484e+02
3.776377377445950856e+02
3.829100905036017934e+02
3.783615467486733905e+02
3.748485897375277318e+02
3.742758250582750179e+02
3.697577008567578787e+02
3.822490266519709508e+02
3.857224520699488721e+02
3.549199745530440850e+02
2.821715633049169583e+02
2.558013426153084708e+02
2.424787494964922416e+02
2.390006333265713181e+02
7.371795797105160091e+02
6.424456514219633618e+02
5.772567130579211607e+02
5.107774005049971038e+02
4.325251355653874725e+02
3.346820283408226828e+02
2.855163650478354498e+02
3.265408643990963924e+02
3.192247722306662467e+02
3.260279202986974383e+02
3.257887816228957831e+02
3.255057609247207893e+02
3.301874842609826146e+02
3.467626009472879218e+02
3.522771711930395213e+02
3.254956949860389841e+02
2.603870516154909751e+02
2.351342031901716894e+02
2.193295193441399249e+02
2.147633217033829283e+02
6.486106744755828686e+02
5.617798581887608407e+02
5.012145711876395922e+02
4.455256812142818603e+02
3.706018260198256939e+02
2.851975940613118610e+02
2.473678259400804507e+02
2.835193518726446769e+02
2.784879822846136790e+02
2.883225231895276011e+02
2.913092967128546320e+02
2.960039380598640832e+02
3.201064195098661571e+02
3.310764338250876335e+02
3.084562530050380360e+02
2.458582069186425940e+02
2.223028251727336340e+02
2.060387605170116672e+02
1.978278999874222563e+02
5.821650562750700146e+02
5.024076195766892283e+02
4.517342436344658836e+02
3.953873650920307909e+02
3.257520056677171283e+02
2.532713821026846688e+02
2.196675860753937570e+02
2.533877832831105366e+02
2.517503579562414018e+02
2.642981200907154289e+02
2.719796875296365215e+02
2.949116022191470847e+02
3.144530064649603673e+02
2.992115348327191668e+02
2.390669441220833846e+02
2.142947467535690862e+02
1.986742097077292044e+02
1.891918767004371205e+02
5.330953802347577266e+02
4.646608272290030186e+02
4.123260483789582054e+02
3.583839740281294439e+02
2.976218978377161193e+02
2.298638147291175926e+02
2.000468557576657815e+02
2.337672990876747008e+02
2.352144272536502285e+02
2.518879209680146971e+02
2.769765255157416846e+02
2.961187398104809176e+02
2.911417723229684498e+02
2.368032644983906039e+02
2.120112729112544514e+02
1.945465654118086434e+02
1.851568556776668970e+02
5.026602909657372606e+02
4.329952971005905624e+02
3.823376214422023054e+02
3.360655594915699567e+02
2.764670868660418250e+02
2.130240728325011901e+02
1.873288082042899987e+02
2.221104865921213047e+02
2.275396991749237543e+02
2.606666217703240136e+02
2.828053742258410921e+02
2.792114229526941926e+02
2.339592561656965870e+02
2.128088682448115492e+02
1.948662028177855063e+02
1.832913737471930347e+02
4.753409708822303514e+02
4.079150982295181507e+02
3.650465453274071592e+02
3.184731362726355428e+02
2.607778106423482996e+02
2.022336950086008471e+02
1.801017184623366632e+02
2.176426081918814930e+02
2.381512737800659067e+02
2.693287645451255798e+02
2.703646586994597669e+02
2.268934211244824439e+02
2.121794308946830085e+02
1.973529400686811357e+02
1.850548063761986839e+02
4.526690924291321494e+02
3.941612719850741655e+02
3.504572919759922343e+02
3.047810179100687265e+02
2.508866328407011679e+02
1.965744240967497092e+02
1.780323923117594234e+02
2.299920011540716303e+02
2.481261639106679127e+02
2.600390417729260548e+02
2.215357395399776692e+02
2.070874115975835537e+02
1.978891774558414625e+02
1.883942893291202267e+02
4.408667280299265485e+02
3.815411741305541113e+02
3.383828443868005706e+02
2.963161585678430470e+02
2.464011095114983902e+02
1.959633549337388274e+02
1.893574375145051931e+02
2.414084788598358386e+02
2.413686504740132079e+02
2.143208328005013357e+02
2.031061955100083765e+02
1.938454415737246563e+02
1.894323393199488521e+02
4.289729679561329476e+02
3.703948755743519428e+02
3.310108466394420361e+02
2.933397077737332097e+02
2.475674059477172477e+02
2.098361918346734853e+02
1.997697005832143589e+02
2.364835750318830492e+02
1.998283563210045770e+02
1.970689149109588243e+02
1.905624362341640676e+02
1.858169937498285265e+02
4.178044626688384824e+02
3.636425425188251666e+02
3.291677607904169918e+02
2.964959750064817854e+02
2.667360300992548332e+02
2.344577424963053147e+02
1.967435073304628190e+02
1.967091122929041660e+02
1.841592981910741003e+02
1.851341765718809711e+02
1.827634449049194529e+02
4.110587488695469460e+02
3.625842793046093107e+02
3.338127817895880867e+02
3.209078792955890549e+02
2.974068524543030776e+02
2.524298852201546879e+02
1.642616953217483342e+02
1.817400238843019054e+02
1.731603103526161647e+02
1.775289302507335378e+02
4.105156340137798452e+02
3.684333992998057283e+02
3.622050359565329813e+02
3.569043878422560852e+02
3.183609308048791604e+02
2.075529441497542393e+02
1.520582296649486125e+02
1.711150402600638927e+02
1.659956820144511198e+02
4.176641431606681749e+02
4.004011534108613546e+02
4.013971713028977319e+02
3.799039899672902152e+02
2.640951675339075564e+02
1.893508503526665265e+02
1.433064653658719010e+02
1.640682339368730140e+02
4.543765225049154424e+02
4.420773812234978664e+02
4.246869919771852437e+02
3.175089008363911489e+02
2.425638476649089625e+02
1.760049851563175594e+02
1.374038135575572426e+02
4.998717993913720079e+02
4.650370324727717275e+02
3.569624012986197386e+02
2.932067088544142166e+02
2.266502605408316242e+02
1.665157040341267702e+02
5.230566252264931109e+02
3.927563420017050930e+02
3.309961245379764705e+02
2.751376899005197743e+02
2.152553318790624814e+02
4.436436109706281741e+02
3.654432307928956902e+02
3.115793771198832474e+02
2.621140389738607155e+02
4.140189119808150053e+02
3.449136083662793908e+02
2.974912329137868028e+02
3.916523307010450026e+02
3.299213725840428424e+02
3.752169917795133074e+02
1.216202201216531193e+03
1.425968460410274247e+03
1.470487656104425469e+03
1.527536160907797012e+03
1.472522519709836615e+03
1.498814085246576497e+03
1.651090954795833113e+03
1.512093206774490227e+03
1.516860875322642642e+03
1.490747510619213472e+03
1.456407278582935078e+03
1.444214803047796522e+03
1.424531360074637632e+03
1.405695006032641459e+03
1.380803807676953738e+03
1.361101098806558639e+03
1.333297883733289382e+03
1.307513963699067062e+03
1.281324112625344469e+03
1.250864789193173920e+03
1.216243822482348833e+03
1.185820257539839986e+03
1.159825535781132430e+03
1.100000141006847116e+03
1.064616156754377926e+03
1.075234351228126798e+03
1.021369228019594402e+03
9.892353503765129972e+02
1.010181732277237074e+03
9.803460294326968096e+02
1.340940346795019195e+03
1.616771242420464205e+03
1.491986173077109470e+03
1.437131687646038699e+03
1.612356233294076901e+03
1.682313100899971232e+03
1.532179670900403835e+03
1.440108846407817055e+03
1.408382727800702241e+03
1.372237791509242470e+03
1.349849495316075490e+03
1.321966229734870467e+03
1.294172550051115877e+03
1.270924368825057172e+03
1.246472719759439997e+03
1.214493151953366350e+03
1.181987884787288294e+03
1.146109504887422190e+03
1.110142105070151501e+03
1.076035525241041569e+03
1.022718645391349469e+03
9.447069973965911913e+02
9.351596634156726395e+02
1.010478944819405910e+03
1.007815934027029016e+03
8.953021669950693422e+02
7.955496151205963997e+02
1.000577649970509924e+03
1.091308768693201728e+03
1.170242312230584957e+03
1.290866382790455191e+03
1.366769022964991109e+03
1.284035303715397959e+03
1.182427465368254616e+03
1.091997658761212961e+03
1.058837157460857270e+03
1.026621476570764344e+03
1.000784055137859696e+03
9.767157493403803983e+02
9.543799820551770381e+02
9.345283741984710559e+02
9.077195323572249208e+02
8.783878650003293842e+02
8.481426640068636971e+02
8.024530000281704361e+02
7.492452135995246181e+02
7.141876425978797442e+02
7.415993891516712893e+02
7.907079139897824689e+02
8.088447353095541530e+02
7.325270121697692502e+02
6.857472550007778409e+02
8.286539006036900901e+02
9.459608840805385626e+02
1.014155930352521523e+03
9.758250402209606591e+02
9.288871794294095707e+02
8.451328952054376487e+02
7.751127293628161397e+02
7.480911738467343639e+02
7.216611581570316503e+02
7.033999179650700171e+02
6.845039965239016055e+02
6.657867137812916098e+02
6.450803463047446940e+02
6.133315364709587811e+02
5.740483275025588910e+02
5.435148644365843893e+02
5.413744954781268461e+02
5.665667265159081580e+02
5.996871057425904610e+02
6.014682183711860262e+02
5.163505095049591773e+02
6.583593616001019200e+02
7.307374013757041666e+02
7.223551591195608808e+02
7.048373661260820882e+02
6.637984831614819541e+02
6.039284163127534839e+02
5.561653222266354533e+02
5.356007309015664077e+02
5.150959763531748195e+02
4.985177781711258831e+02
4.755143174280445919e+02
4.467223584607399403e+02
4.247156895434532657e+02
4.193606800924973754e+02
4.214892403618880508e+02
4.383259288849628206e+02
4.556073129638508590e+02
4.216431795457240810e+02
5.209590298060827536e+02
5.385262821277605099e+02
5.388141592562566302e+02
5.221967893832038499e+02
4.933131576852592843e+02
4.528414490191984783e+02
4.166216225660393206e+02
3.936603174300851151e+02
3.672876418053673433e+02
3.478548192553801073e+02
3.393925575413086335e+02
3.373824209456494145e+02
3.413156100186444064e+02
3.514718198632885446e+02
3.556399148133168069e+02
4.068639780020890271e+02
4.234727278906325978e+02
4.213022136918848446e+02
4.084327274138480561e+02
3.830769038856394673e+02
3.450742542733595997e+02
3.119101783018784317e+02
2.986694118878768904e+02
2.904108295898285519e+02
2.878774344464986825e+02
2.883923956501667476e+02
3.028481795336555820e+02
3.397189638472962088e+02
3.462339421897721081e+02
3.376736682520584054e+02
3.226539120652246879e+02
3.053438771360921464e+02
2.841591256249320736e+02
2.675746808595035304e+02
2.618346180540044656e+02
2.638052787203425282e+02
2.835133768353895789e+02
2.891016493710264399e+02
2.877690571250195148e+02
2.814641186250244687e+02
2.709059795861641078e+02
2.389376809316839001e+02
2.571729766309949241e+02
2.635148268992177805e+02
1.616628424970934702e+03
1.457009704300520298e+03
1.389191112890699287e+03
1.318068635238287925e+03
1.493216186920315067e+03
1.605479901038257822e+03
1.426131759911837207e+03
1.545493310714602558e+03
1.504737211322991925e+03
1.481725912712105355e+03
1.472483110250498839e+03
1.435827939943945466e+03
1.426474321985097731e+03
1.427825057179007899e+03
1.409212311989613454e+03
1.359504328983259484e+03
1.341339700540290096e+03
1.339155836843071256e+03
1.313615798521335364e+03
1.269206873991947305e+03
1.242201831187668404e+03
1.219597107846993822e+03
1.188956814691922091e+03
1.192440407316500114e+03
1.129419756404094869e+03
1.003705827900436361e+03
1.027570357276238610e+03
1.065056071706666899e+03
1.048645003759555721e+03
1.080783804736057164e+03
1.787146137989121826e+03
1.757006070460415003e+03
2.095540043117331606e+03
2.195063280144106102e+03
1.855747860694930068e+03
1.641093229476005718e+03
1.655188192659328934e+03
1.640383813870188078e+03
1.620158983226173859e+03
1.605095810644237190e+03
1.582270211077379827e+03
1.567758577309936300e+03
1.547281089943540110e+03
1.508422992821567050e+03
1.471953195399147489e+03
1.437493871030055061e+03
1.402344288380852731e+03
1.366475035757538080e+03
1.328536894005598469e+03
1.281218650411723047e+03
1.248863463910719474e+03
1.234324275834028413e+03
1.148709743128805258e+03
9.536882274422030150e+02
9.122210511704694227e+02
1.097198203091474170e+03
1.199351671769685254e+03
2.056680959815936603e+03
2.117334656972399898e+03
1.882858306260681275e+03
1.637334277307149932e+03
1.396545446788424670e+03
1.353286359311661272e+03
1.324223103626091643e+03
1.325016615384192164e+03
1.310156302651444321e+03
1.292186429180605273e+03
1.276332993364733738e+03
1.248542432985271034e+03
1.218286001138672873e+03
1.182474424349935362e+03
1.144080412179300765e+03
1.113161083095731101e+03
1.083862752358899797e+03
1.052063783630160515e+03
1.023908217184001160e+03
9.961952516659699768e+02
9.060425222412421817e+02
7.720327084647160518e+02
6.863379029544661307e+02
7.726407367356050599e+02
1.614484185789127423e+03
1.460267718590208005e+03
1.244096294139036672e+03
1.055777706843276746e+03
1.011503482198286520e+03
9.736351716834874424e+02
9.624094678215151362e+02
9.576610719719785720e+02
9.443163437769715074e+02
9.291422697407527949e+02
9.083629138193878134e+02
8.844469690942045190e+02
8.549430508154224526e+02
8.283537296055635579e+02
8.095697655419725152e+02
7.921975417099405377e+02
7.730259159134802758e+02
7.407392799819427864e+02
6.723216393710158627e+02
5.779576143004522919e+02
5.148019178346089575e+02
1.081349557615981666e+03
9.152027946295427228e+02
7.797071298109661939e+02
7.376782694325401053e+02
7.032859664159468593e+02
6.871939326650878002e+02
6.787764821514978166e+02
6.718574921580947148e+02
6.617680374537671923e+02
6.489137957760134441e+02
6.311455511386774333e+02
6.151901991081489314e+02
6.042200887647217087e+02
5.930121220781392140e+02
5.752235420186693773e+02
5.521783326589810486e+02
5.023569240058906757e+02
4.354485013596679437e+02
6.939027801912930045e+02
5.886182071725739888e+02
5.502110903674098381e+02
5.195794086315389677e+02
5.043710241411691300e+02
4.933776308486023936e+02
4.865834637351525203e+02
4.847628305694825031e+02
4.782008074270357838e+02
4.729061564216081592e+02
4.671322066716883228e+02
4.568880093419974173e+02
4.440038547608800741e+02
4.265783166128517223e+02
3.912160842914875047e+02
4.693473066730337564e+02
4.322072879676136949e+02
4.053713191347131897e+02
3.894772023363170206e+02
3.793699745407852788e+02
3.752514149756224242e+02
3.761884486438055433e+02
3.788566374044985423e+02
3.757176853846712561e+02
3.694939131863746979e+02
3.604932669579358162e+02
3.481028433321271791e+02
3.643388596874009409e+02
3.377332128938613209e+02
3.238989642751554925e+02
3.171689628591344103e+02
3.141442612333075317e+02
3.133892052369686780e+02
3.133013919898183417e+02
3.123864092757438584e+02
3.070590331542319404e+02
3.056989315586372982e+02
2.932262718855226922e+02
2.842052023018473506e+02
2.782002986570265648e+02
2.752353899365013490e+02
2.730258017164031799e+02
2.774702166284759528e+02
2.658317018804519307e+02
2.583007948140047461e+02
1.216202201216531193e+03
1.425968460410274247e+03
1.470487656104425469e+03
1.527536160907797012e+03
1.472522519709836615e+03
1.498814085246576497e+03
1.651090954795833113e+03
1.512093206774490227e+03
1.516860875322642642e+03
1.490747510619213472e+03
1.456407278582935078e+03
1.444214803047796522e+03
1.424531360074637632e+03
1.405695006032641459e+03
1.380803807676953738e+03
1.361101098806558639e+03
1.333297883733289382e+03
1.307513963699067062e+03
1.281324112625344469e+03
1.250864789193173920e+03
1.216243822482348833e+03
1.185820257539839986e+03
1.159825535781132430e+03
1.100000141006847116e+03
1.064616156754377926e+03
1.075234351228126798e+03
1.021369228019594402e+03
9.892353503765129972e+02
1.010181732277237074e+03
9.803460294326968096e+02
1.272082988940537462e+03
1.636350191713518370e+03
1.696029928625980119e+03
1.497441430943040359e+03
1.579329144941532377e+03
1.798354969450605722e+03
1.605380859339056542e+03
1.523334022662951384e+03
1.495005599275140412e+03
1.451659512477793896e+03
1.433677194552175933e+03
1.409936518531586444e+03
1.381397483910266374e+03
1.355081533347977484e+03
1.332750618561075953e+03
1.301231795441738996e+03
1.267584781227176109e+03
1.235606003097755320e+03
1.196773587160517764e+03
1.159923251249064606e+03
1.126298453556414643e+03
1.067436917839215994e+03
9.840243873038637048e+02
1.001611074842404946e+03
1.068388217843754546e+03
9.963021996275252832e+02
8.942094014283759407e+02
8.846936611208773229e+02
1.340162868339449460e+03
1.424173938115119881e+03
1.296471932657704201e+03
1.379630456413505954e+03
1.618882583406449157e+03
1.487083570757080679e+03
1.387851792639916994e+03
1.284486469837569302e+03
1.247284256839710906e+03
1.218848491507139443e+03
1.190956995415474239e+03
1.166899861131014404e+03
1.138510349503657835e+03
1.116080185950947453e+03
1.089523157630415199e+03
1.061280571706417277e+03
1.029175479691558621e+03
9.903149363338012563e+02
9.571281467489258148e+02
9.100834459092344559e+02
8.457779008948006094e+02
8.021316153906545878e+02
8.697714937100402040e+02
9.258809660271267603e+02
8.630903573528003108e+02
7.093786141259552096e+02
9.991729608568737149e+02
9.961911560755088431e+02
1.096992112031898614e+03
1.325403039240562975e+03
1.243439091319946328e+03
1.198439520153736794e+03
1.093273879871756890e+03
1.003472728170675737e+03
9.785079395664211006e+02
9.468043863542857252e+02
9.236169682405250114e+02
8.977497131348075072e+02
8.783518606303174465e+02
8.581436778787021922e+02
8.333564051653245315e+02
8.079790244176602982e+02
7.753695847654836371e+02
7.327321681654880194e+02
6.852925020382610910e+02
6.514100506841126617e+02
6.547229151981192672e+02
7.184053296757184626e+02
7.588108509254258252e+02
6.876893875479009921e+02
6.538515774339124391e+02
8.123434392496264991e+02
1.026584961604856289e+03
9.861976133677087546e+02
9.731449531146939762e+02
9.186749805057910407e+02
8.336382328514989695e+02
7.716849601164637988e+02
7.458541607661528587e+02
7.187084330244348394e+02
6.969330194190513339e+02
6.817888948953610679e+02
6.630676810958093483e+02
6.437429312450757379e+02
6.243579811642498498e+02
5.893332054841287118e+02
5.484718967491960484e+02
5.202585831551583624e+02
5.186204148196871984e+02
5.301726219545756749e+02
5.847695288366292061e+02
6.043222832889064193e+02
5.245643093087949183e+02
7.539389558011515646e+02
7.588830789336938096e+02
7.690924949383394278e+02
7.441802128970593913e+02
6.998499207852656809e+02
6.445023330928130463e+02
5.931177854226311865e+02
5.707137920665871889e+02
5.484263491106585207e+02
5.347183094624277828e+02
5.189468206933491956e+02
5.018539786545180732e+02
4.800902231821982582e+02
4.483236982019536185e+02
4.228028704209780244e+02
4.166131342162383930e+02
4.207125059689262230e+02
4.332545954998481079e+02
4.743092831702709873e+02
4.923396073117256151e+02
5.654152191206756015e+02
6.004768293528143204e+02
5.972282632851935205e+02
5.777275233310618887e+02
5.513679765185231645e+02
5.068466500132308852e+02
4.670397279623140889e+02
4.475255697312995267e+02
4.324480078761528716e+02
4.179008399168712913e+02
3.973862690915369740e+02
3.754848189210871396e+02
3.548959881222793911e+02
3.461271483515084242e+02
3.450968282166085146e+02
3.506570109981908558e+02
3.598850950664636912e+02
3.870319543101665545e+02
4.617920746553994604e+02
4.808117799198682860e+02
4.782039163491952536e+02
4.700898402275847161e+02
4.475220901616203832e+02
4.120129444163418384e+02
3.799826149264378614e+02
3.659994601972059058e+02
3.457664914637255720e+02
3.243288280123148297e+02
3.085268311443450102e+02
2.991991198230508644e+02
2.948093974854309636e+02
2.957619537122331508e+02
3.004035437235960444e+02
3.367211495681347628e+02
3.861007831512749249e+02
4.005074699029004819e+02
4.049762490809857240e+02
3.958971421411930578e+02
3.754558052693453192e+02
3.464464983518984127e+02
3.194161782820693247e+02
2.980162876331357893e+02
2.783792590985227662e+02
2.703950756726574127e+02
2.638870945879888836e+02
2.604782264554874018e+02
2.612649381755545619e+02
3.004912101153403796e+02
3.371925797493204868e+02
3.534439477220368531e+02
3.538080242383341556e+02
3.428620998158031057e+02
3.219316908785232272e+02
2.954039596966118211e+02
2.686583185558199602e+02
2.549379301846060173e+02
2.473087363492488748e+02
2.416912407760785868e+02
2.379801084274050709e+02
2.784198931492966835e+02
3.100613525475328629e+02
3.190596882587980758e+02
3.128534488182783093e+02
2.978659809813751735e+02
2.804776752553501638e+02
2.600290898516779521e+02
2.420345042429192972e+02
2.350486804466305557e+02
2.281045891767225271e+02
2.675959144440789714e+02
2.862605357592188398e+02
2.853852607949945082e+02
2.769591293677656267e+02
2.694678791558359876e+02
2.563191982345604174e+02
2.402694216829471827e+02
2.288121600092905226e+02
2.514263288579451228e+02
2.603407842882357954e+02
2.609860352449374545e+02
2.593239351359394504e+02
2.518032742894710339e+02
2.406239768631211575e+02
2.366136671062889718e+02
2.458883961366814788e+02
2.495239044977774938e+02
2.462407356006189048e+02
2.287817864611986920e+02
2.389088597099256503e+02
