8.767871596369574263e+02
8.321376944508242559e+02
8.150556524283674662e+02
7.629031455844857419e+02
9.144097886913687034e+02
9.194426051493555860e+02
7.882755881696888309e+02
8.589774128322958404e+02
8.676893106294098743e+02
8.585640332657189902e+02
8.588762680968039831e+02
8.455284000200116452e+02
8.488162071426012290e+02
8.564676895494720839e+02
8.542712904727515024e+02
8.323933211706165594e+02
8.308482528964742642e+02
8.410420103832066161e+02
8.384029513721039848e+02
8.199671478624785550e+02
8.162805435582183691e+02
8.134621509795580323e+02
8.070804318115817750e+02
8.286535794403800992e+02
8.070294061131583021e+02
7.328198195993812760e+02
7.706276560164162674e+02
7.984877916120442478e+02
7.874832982400755554e+02
8.038411082719738943e+02
1.032793965079219106e+03
9.560738238515091325e+02
8.526022881306639647e+02
9.997570316717907417e+02
1.198508361668729322e+03
1.004394078744863805e+03
8.599149824361290939e+02
9.518121695220190759e+02
9.554847454902403570e+02
9.480190476936564892e+02
9.394302298348342219e+02
9.305986475942958123e+02
9.332540474369101275e+02
9.229969184826674109e+02
9.048618243140196000e+02
8.903746195272882460e+02
8.841270140966430517e+02
8.742434443244424074e+02
8.587537734918394108e+02
8.454727638996281485e+02
8.254024889374057921e+02
8.126387813464859846e+02
8.282249367198077152e+02
8.234451046853005209e+02
6.877977945994249467e+02
6.517661479692069406e+02
8.073149929962264650e+02
8.315568809481634389e+02
8.056580537545887637e+02
1.073538118472267570e+03
9.080196937537489248e+02
1.052208002602394345e+03
1.266391976421678919e+03
1.246243101303600497e+03
1.006376870321529168e+03
8.350445812180699932e+02
9.309663136041966709e+02
9.395180496059994084e+02
9.241657165897780715e+02
9.192144460343156425e+02
9.090463488458889287e+02
9.087766758656435968e+02
8.847577858342626769e+02
8.645475010353848120e+02
8.460922911105031972e+02
8.272350044305396750e+02
8.091248116152113425e+02
7.941141634928783333e+02
7.715372084380505839e+02
7.506892245347747803e+02
7.624325655426644062e+02
7.558184822709624768e+02
6.433482627628355885e+02
5.219006334143886079e+02
6.182528639029643500e+02
7.729241931267557675e+02
7.888472063957249247e+02
9.339746456837501682e+02
1.054034688094540343e+03
1.253991877967011533e+03
1.239043933546917287e+03
1.173405114291630298e+03
9.151348020055930874e+02
7.475409667541705403e+02
8.426155089631182591e+02
8.463871473075980703e+02
8.347059993929158281e+02
8.279410528057518377e+02
8.194131514801276808e+02
8.105362871061339547e+02
7.846701989264088297e+02
7.622839022304663104e+02
7.353957332795895354e+02
7.145622058829153502e+02
6.987807155560226420e+02
6.774188573959610267e+02
6.590696999619658527e+02
6.664747067221153429e+02
6.613424378574482034e+02
5.639213348635195189e+02
4.473338692857113301e+02
4.480920867472298141e+02
5.585615964549867840e+02
6.957189651734106519e+02
1.038254914493417346e+03
1.206471944411751338e+03
1.174662321759974702e+03
1.118455550583063996e+03
1.029572083833027364e+03
7.913186008282602870e+02
6.442425109157838961e+02
7.268235891236057569e+02
7.333475908594358543e+02
7.213685002841195910e+02
7.168092473683940398e+02
7.029982922163430885e+02
6.920785721920948390e+02
6.683107430847895785e+02
6.408511885419574128e+02
6.154711846142557761e+02
5.994826956113259939e+02
5.811341964428013398e+02
5.650122168876982869e+02
5.754341691760797630e+02
5.726798756002643813e+02
4.903585242272792470e+02
3.795728208941766866e+02
3.637586308770196410e+02
3.873806220983368007e+02
4.937643765527765254e+02
1.159573551258425823e+03
1.103562708842619713e+03
1.034407529316623595e+03
9.621509589970856950e+02
8.774673191674482950e+02
6.716576128106900114e+02
5.426087594502251932e+02
6.171795079151203254e+02
6.225990081547810178e+02
6.146762550294502034e+02
6.051765391403556578e+02
5.907325145547029024e+02
5.822253435131277683e+02
5.572906287807574017e+02
5.329191136709763441e+02
5.138651302305540867e+02
4.982914930396328259e+02
4.859474838981581684e+02
4.968824084049502972e+02
5.015830652858041390e+02
4.322422895449274733e+02
3.292965758680431918e+02
3.027214685644220822e+02
3.078404769737079505e+02
3.391018687722076379e+02
1.048858670785715731e+03
9.608384924181871156e+02
8.823501503664365373e+02
8.172784071014705205e+02
7.442283222070983584e+02
5.640167633375551759e+02
4.564333284506283803e+02
5.210959491283109628e+02
5.292134852270794454e+02
5.183031109623600514e+02
5.075054761733533155e+02
4.972458844431711782e+02
4.873514706456902559e+02
4.670672367891103818e+02
4.493313501763217346e+02
4.327200248913763403e+02
4.234895896149822079e+02
4.367368658829634569e+02
4.445057873202983956e+02
3.892910696560080055e+02
2.941856358021345272e+02
2.627467028869688761e+02
2.557924999100452794e+02
2.696495764907225521e+02
9.112200153832219485e+02
8.197818939841309884e+02
7.525135235790138495e+02
6.988696781415239911e+02
6.301928320032471902e+02
4.763724051661869794e+02
3.854970147429635858e+02
4.449025466994708609e+02
4.491906101624479675e+02
4.379698954612290436e+02
4.310284455678270774e+02
4.207989611273987407e+02
4.138916591639206217e+02
4.006149089065371527e+02
3.861842348664783913e+02
3.761329226989253698e+02
3.912017540651910394e+02
4.033374882693887002e+02
3.557953553793823289e+02
2.700748239776125956e+02
2.373015104123243475e+02
2.241354591876591371e+02
2.264583411152989925e+02
7.826304276824570252e+02
7.057136935118810470e+02
6.519596900373853714e+02
6.009888996025971437e+02
5.393031028644905973e+02
4.059285363065726528e+02
3.313966404549746585e+02
3.814526605763884959e+02
3.841062518754356461e+02
3.774609311557605906e+02
3.703569169289713159e+02
3.632423854962030987e+02
3.614803819804062641e+02
3.521432833674597305e+02
3.440272195942083613e+02
3.573775159492729472e+02
3.728537385695473745e+02
3.329775211821593075e+02
2.518758420130654656e+02
2.209550477092587073e+02
2.053435684709560292e+02
2.013500436338082409e+02
6.827643499444291137e+02
6.211448145914380348e+02
5.708460269925977855e+02
5.239189473605873673e+02
4.670055156598701274e+02
3.531369333396198158e+02
2.870373376546805844e+02
3.304524073727752125e+02
3.363399661143435537e+02
3.301318937456097160e+02
3.253426642363972405e+02
3.230786594944217995e+02
3.241877177466508329e+02
3.209642096822161079e+02
3.355441608168327434e+02
3.503768124615575061e+02
3.163937270552601717e+02
2.404149914810427902e+02
2.090267132131107246e+02
1.939416965184866228e+02
1.871982680505152814e+02
6.116408175754858121e+02
5.539493944589561352e+02
5.073113476585831449e+02
4.628255442262789643e+02
4.133324573746269266e+02
3.098351575215251046e+02
2.515352897091774480e+02
2.937241358750256950e+02
2.991163664563686666e+02
2.951863893538059642e+02
2.944224804583764694e+02
2.950663093398810588e+02
3.010430838786980416e+02
3.200392511832362175e+02
3.369522931626815989e+02
3.042417152695836648e+02
2.323913033442346716e+02
2.022421169885226107e+02
1.858115917400880903e+02
1.789745237430049087e+02
5.555625125168876366e+02
5.012167432054235974e+02
4.568784622714663328e+02
4.177807012018116097e+02
3.687279393378929626e+02
2.749661030417837537e+02
2.263232267145854735e+02
2.650256312453506098e+02
2.715865867145047901e+02
2.714729990451290860e+02
2.732361003326262789e+02
2.783824466047805117e+02
3.053224122399940370e+02
3.275361431632656490e+02
2.980962019057494672e+02
2.266293049391101135e+02
1.977643296676579894e+02
1.818056844311047087e+02
1.731302063493980370e+02
5.111635343596210532e+02
4.590990454530935949e+02
4.199122167683161138e+02
3.794808859049373382e+02
3.322580810618420060e+02
2.504285506437855418e+02
2.064965860433628677e+02
2.436852324057372527e+02
2.530873474047176046e+02
2.555219197921636862e+02
2.612468481681356138e+02
2.863159776514314672e+02
3.169117092105985876e+02
2.939733449656851576e+02
2.245686560508125069e+02
1.946575398348490751e+02
1.793980037939384999e+02
1.707301195272871439e+02
4.753177177457433231e+02
4.283784176052437260e+02
3.875333170217596148e+02
3.474634615703777740e+02
3.068422265563057181e+02
2.309354927842729239e+02
1.916407737103619127e+02
2.294747228157396250e+02
2.408870391063155978e+02
2.471092180132069984e+02
2.717894655162025401e+02
3.005950579918564927e+02
2.875084929078468576e+02
2.233875995480118775e+02
1.943002298052069534e+02
1.778141897642989591e+02
1.694609258819385502e+02
4.493018441410459332e+02
4.004954686743548109e+02
3.597541944044824049e+02
3.254635310062909070e+02
2.863005306932213898e+02
2.162221497330219790e+02
1.818188553801637681e+02
2.203110133131266934e+02
2.350101139115153330e+02
2.595792979648771279e+02
2.879999994896693920e+02
2.751253244875776431e+02
2.198867207626874745e+02
1.943423513285316346e+02
1.784304908839172299e+02
1.686634612018922326e+02
4.246452635478316893e+02
3.758891141733051313e+02
3.410174413815632306e+02
3.072642662086144014e+02
2.706250434059853660e+02
2.066121422377036367e+02
1.756212201577785947e+02
2.163894771899883551e+02
2.487064857485387677e+02
2.772230904184802398e+02
2.655288179477537938e+02
2.115549036588225249e+02
1.920678000622667412e+02
1.791534060098283874e+02
1.697342985035030836e+02
4.022032664315598254e+02
3.596514935372990180e+02
3.250944279972920867e+02
2.931963356916555767e+02
2.605848400603563277e+02
2.007604172376111080e+02
1.732988558143065916e+02
2.303159008731858819e+02
2.672178975583686338e+02
2.572068395042630300e+02
2.051190377749806828e+02
1.854298523909660048e+02
1.775344719627461814e+02
1.707275626324882580e+02
3.877891042651461930e+02
3.454407947356810382e+02
3.126205428976998633e+02
2.844656333234479462e+02
2.548110712243558567e+02
1.990550858011019102e+02
1.851886425190778027e+02
2.486272581985591330e+02
2.491626470635025612e+02
1.995100999828256363e+02
1.803294052442575719e+02
1.717969805364592730e+02
1.693590997621075189e+02
3.747550009173268677e+02
3.341596437992805591e+02
3.051910971005494275e+02
2.799149741638350406e+02
2.539353847988746793e+02
2.135995474649440951e+02
2.005745006548604863e+02
2.327692604294367413e+02
1.939179222997004217e+02
1.758816597233600589e+02
1.674081459682968500e+02
1.640288180494704591e+02
3.642722052757706592e+02
3.277551832559175296e+02
3.018554385975359651e+02
2.803779328789715350e+02
2.737116051347847474e+02
2.444883738831271387e+02
1.883417439518216554e+02
1.816670626663418204e+02
1.713339758898810885e+02
1.635875166217428216e+02
1.599527386224902159e+02
3.586660981219632731e+02
3.254480163803350479e+02
3.036218052235469713e+02
3.035864503927161309e+02
3.122058396217238965e+02
2.503562297778757966e+02
1.473000249018158456e+02
1.608143899311278062e+02
1.596009983771849363e+02
1.564122980640643163e+02
3.573001365841791426e+02
3.284040143617630179e+02
3.299971236667856829e+02
3.453753376340645787e+02
3.172422407195439291e+02
1.925069166595527577e+02
1.305747266564613653e+02
1.499947146610014954e+02
1.526754499765338267e+02
3.615143305875395185e+02
3.579827060808510737e+02
3.744461927485995716e+02
3.486994671798607328e+02
2.457902870890563918e+02
1.680307436462105386e+02
1.219045849719483954e+02
1.435395992209173244e+02
3.950647592321029151e+02
4.050832840214019370e+02
3.758141535812366101e+02
2.720439593532705089e+02
2.158804440369071926e+02
1.546601993982945658e+02
1.166784070332945191e+02
4.458805171248017700e+02
4.042664948241961724e+02
2.949554079287276522e+02
2.403171813729310315e+02
1.997327158285475832e+02
1.460444970585948283e+02
4.426625192692252426e+02
3.188991352762421911e+02
2.618526565709753413e+02
2.234128507039699514e+02
1.893532164212562918e+02
3.507582465308497035e+02
2.843033414487040886e+02
2.444515323843693295e+02
2.125809903647235615e+02
3.138709005741469014e+02
2.663542230746062955e+02
2.333358668098697706e+02
2.949865980893714550e+02
2.549191041010600998e+02
2.829846525666685579e+02
7.656830097176202798e+02
8.290226587793324597e+02
8.429862029245059603e+02
9.068291068200871905e+02
8.418076234861368903e+02
8.497043731213847195e+02
9.266102079945512742e+02
8.689502934520251074e+02
8.654694494557945745e+02
8.633499158497247663e+02
8.519809286824380479e+02
8.513026440763411529e+02
8.446584474734477226e+02
8.402348529047295642e+02
8.319548990861942457e+02
8.275018656166320170e+02
8.185947832507863495e+02
8.118550630321911967e+02
8.045286884970164465e+02
7.966767899968899656e+02
7.843389243590803517e+02
7.767457060676941865e+02
7.734606365380100215e+02
7.469376014026757957e+02
7.377733478794609709e+02
7.658817735127818196e+02
7.332283536904095627e+02
7.208147551466687446e+02
7.451696121677268820e+02
7.357355720536227182e+02
8.385276662649766877e+02
9.570499470244807299e+02
8.797567490077532284e+02
7.952666422517620504e+02
8.875679635217840087e+02
9.749556574651238634e+02
9.172661534007287401e+02
8.449261271963110858e+02
8.277356568615052765e+02
8.189391040826211565e+02
8.066807907762475907e+02
7.907977814622196320e+02
7.767276501590924909e+02
7.673640032454287621e+02
7.549909615298760173e+02
7.383383100349133201e+02
7.221134870035679114e+02
7.053296389284241741e+02
6.892633275502081460e+02
6.746236869120446045e+02
6.478235403252705282e+02
6.005148643661093502e+02
6.025076972470592409e+02
6.682151549698780855e+02
6.754051425584625576e+02
6.030746314265487626e+02
5.604113228102337416e+02
6.917736119053835182e+02
6.785477332181023939e+02
6.980575483185965595e+02
7.728733851052126056e+02
8.347060507683476089e+02
8.232448966249583009e+02
7.578295047389100318e+02
6.934934732288187433e+02
6.711548490798024886e+02
6.550653866133111478e+02
6.378326471022679698e+02
6.235213657718041986e+02
6.102898040198340368e+02
5.986796548362799513e+02
5.823390998418111622e+02
5.651049308209881019e+02
5.478109338485812714e+02
5.207272752391959330e+02
4.841998860703400851e+02
4.605139203547942088e+02
4.825473106341088965e+02
5.261344955103160146e+02
5.454426549675904425e+02
5.111359911768067832e+02
5.038800134255808985e+02
5.573786912484189315e+02
6.227864752674140618e+02
6.733615534978539472e+02
6.707277020718479434e+02
6.472331243025944332e+02
5.908818145116101732e+02
5.375776642897043303e+02
5.163076928784062147e+02
5.010621646256639679e+02
4.878057446089432574e+02
4.752925691196269327e+02
4.632776570171418484e+02
4.503249667450054403e+02
4.282355118685072171e+02
3.979564306969261338e+02
3.741059316912604231e+02
3.712407546091809536e+02
3.904425045451118876e+02
4.205884162597399722e+02
4.324586626051879534e+02
4.171646322839733330e+02
4.870155014118536769e+02
5.349148085369039336e+02
5.407476450832995170e+02
5.287413019838492119e+02
5.049774003186042819e+02
4.624198128812571440e+02
4.233418264965287676e+02
4.060612332153958164e+02
3.932412867556020615e+02
3.809427779730119141e+02
3.638727489022984400e+02
3.401446686549923015e+02
3.210514972535676748e+02
3.144091309216525474e+02
3.149105740142724130e+02
3.288965250271065202e+02
3.500641464046550482e+02
3.709369734657773279e+02
4.255974790580280569e+02
4.409638916927195851e+02
4.382931321856731302e+02
4.265180884594743134e+02
4.087889753813269067e+02
3.777748031582910926e+02
3.465937574206664635e+02
3.269666878323455990e+02
3.057614923652542984e+02
2.876575084171909680e+02
2.789042230263381725e+02
2.759907717951099357e+02
2.789964043025680667e+02
2.902749085056362901e+02
3.373504755670850273e+02
3.652140780226689003e+02
3.721843741779221091e+02
3.685876975347833877e+02
3.588491742179149924e+02
3.404670748025696412e+02
3.075015465697497348e+02
2.763790480516593675e+02
2.633025259537751026e+02
2.568522665516660481e+02
2.542263107172578600e+02
2.556418488462014693e+02
3.036760054504453592e+02
3.205979125491018635e+02
3.210464953288030756e+02
3.105817684547121189e+02
2.963190623987503614e+02
2.827286623234763283e+02
2.646299660701275798e+02
2.491505190486816446e+02
2.443913957690866141e+02
2.685470752439396733e+02
2.746508050472397144e+02
2.756637258577324019e+02
2.731809673869709627e+02
2.680893721407701946e+02
2.612661851651229767e+02
2.448397522439155409e+02
2.548791475339930912e+02
2.586600337370860530e+02
8.767871596369574263e+02
8.321376944508242559e+02
8.150556524283674662e+02
7.629031455844857419e+02
9.144097886913687034e+02
9.194426051493555860e+02
7.882755881696888309e+02
8.589774128322958404e+02
8.676893106294098743e+02
8.585640332657189902e+02
8.588762680968039831e+02
8.455284000200116452e+02
8.488162071426012290e+02
8.564676895494720839e+02
8.542712904727515024e+02
8.323933211706165594e+02
8.308482528964742642e+02
8.410420103832066161e+02
8.384029513721039848e+02
8.199671478624785550e+02
8.162805435582183691e+02
8.134621509795580323e+02
8.070804318115817750e+02
8.286535794403800992e+02
8.070294061131583021e+02
7.328198195993812760e+02
7.706276560164162674e+02
7.984877916120442478e+02
7.874832982400755554e+02
8.038411082719738943e+02
9.677462500514290014e+02
9.212830480376396736e+02
1.093755512880835113e+03
1.225537796264193503e+03
1.074419185804344124e+03
8.881749894362853865e+02
9.038623736889429665e+02
9.361008040526927516e+02
9.313850197744757224e+02
9.218617854950596211e+02
9.137456558638342585e+02
9.121330606891966681e+02
9.012590052910236409e+02
8.807591540160169643e+02
8.635436656962447159e+02
8.502686470791844613e+02
8.358499350715086393e+02
8.199027832052304348e+02
8.036085933425943040e+02
7.830535142907491490e+02
7.755912440931981564e+02
7.844929240647802544e+02
7.474043965181236899e+02
6.202947743877812172e+02
5.981024326813630978e+02
7.359109922699130948e+02
7.983978640105746081e+02
1.116853786267173064e+03
1.202277791514267392e+03
1.159332604139916612e+03
9.981106691391739787e+02
8.209021538259219142e+02
7.895793357675123616e+02
7.940168744393666884e+02
8.014301276527519349e+02
7.964753497218579241e+02
7.872066167246242685e+02
7.803360287852553938e+02
7.621659721457375554e+02
7.413933240486838940e+02
7.185333969836574397e+02
6.968585526491393694e+02
6.783663234177852246e+02
6.621412623480551929e+02
6.477479078411727187e+02
6.410247375943471297e+02
6.340652280537282195e+02
5.832567796713248072e+02
4.906695128302069406e+02
4.297960685321347682e+02
4.854057700476150217e+02
1.039553727068853505e+03
9.676968500468200318e+02
8.253749963072953051e+02
6.838197096770320513e+02
6.474778571158884688e+02
6.317018791796876940e+02
6.272394556394898473e+02
6.293872533174295540e+02
6.217181101966813230e+02
6.114124281076140051e+02
5.951803384158524750e+02
5.766787248433370223e+02
5.559039927198224404e+02
5.380138173176330838e+02
5.262120853899784834e+02
5.186764290360736140e+02
5.117221953315595897e+02
4.951412413644491721e+02
4.512874692125529918e+02
3.800553722934370739e+02
3.291346867148618571e+02
7.809702582405589055e+02
6.677626064390650527e+02
5.583345121849979478e+02
5.223288271552339666e+02
5.040667196918531090e+02
4.911703550145215900e+02
4.862032468342178504e+02
4.828144150177395204e+02
4.753233734684500291e+02
4.637124549677767504e+02
4.497054777077325980e+02
4.380921474605109438e+02
4.321797456074287993e+02
4.258607533285775162e+02
4.145195679865456100e+02
3.991825348073642203e+02
3.638204532130948792e+02
3.083360700999551227e+02
5.515428747981648030e+02
4.632831501780951271e+02
4.297420239917391882e+02
4.107518951919130927e+02
3.969751440220643985e+02
3.867124668086619295e+02
3.811975833714427040e+02
3.806311271848303477e+02
3.757592084040902591e+02
3.719627437977237605e+02
3.681437793641233043e+02
3.606413470362715543e+02
3.507395809192013303e+02
3.369610364264590885e+02
3.086495423296460103e+02
3.982628398363467568e+02
3.662233762864523214e+02
3.473877465794623731e+02
3.329993809489880050e+02
3.232115650006685996e+02
3.186841449559214539e+02
3.208926054151472727e+02
3.244023844407166735e+02
3.215362084657980972e+02
3.152979122546913686e+02
3.075266228049767392e+02
2.968314346457740953e+02
3.257120597629519807e+02
3.063736267757840324e+02
2.939582667891280039e+02
2.882460862944991504e+02
2.855784477641472563e+02
2.841000571243657191e+02
2.834887285996800301e+02
2.824698059722258563e+02
2.771329517543432530e+02
2.863460710143488086e+02
2.759481929792515871e+02
2.676300139993505809e+02
2.617636685557586134e+02
2.585173682490957390e+02
2.552913744196515609e+02
2.631216020659228434e+02
2.527535450910989425e+02
2.457113509410085896e+02
7.656830097176202798e+02
8.290226587793324597e+02
8.429862029245059603e+02
9.068291068200871905e+02
8.418076234861368903e+02
8.497043731213847195e+02
9.266102079945512742e+02
8.689502934520251074e+02
8.654694494557945745e+02
8.633499158497247663e+02
8.519809286824380479e+02
8.513026440763411529e+02
8.446584474734477226e+02
8.402348529047295642e+02
8.319548990861942457e+02
8.275018656166320170e+02
8.185947832507863495e+02
8.118550630321911967e+02
8.045286884970164465e+02
7.966767899968899656e+02
7.843389243590803517e+02
7.767457060676941865e+02
7.734606365380100215e+02
7.469376014026757957e+02
7.377733478794609709e+02
7.658817735127818196e+02
7.332283536904095627e+02
7.208147551466687446e+02
7.451696121677268820e+02
7.357355720536227182e+02
7.952233750543988435e+02
9.339173594878966469e+02
9.894919543500128611e+02
8.447409169397308233e+02
8.476851943843624895e+02
9.997757457684623432e+02
9.508850042345383144e+02
8.788643191801659214e+02
8.634829169747940796e+02
8.518494350151519257e+02
8.462138320571754093e+02
8.319785426414225640e+02
8.176169787943299525e+02
8.070034600526590793e+02
7.973853703666233059e+02
7.823483808721141486e+02
7.663136922750630902e+02
7.525767207053704624e+02
7.353467877964341142e+02
7.195872837148368717e+02
7.068761326034864396e+02
6.782660558936358939e+02
6.296338149764483205e+02
6.528044921611109430e+02
7.190927464158264684e+02
6.683177648584114650e+02
6.076562007028816197e+02
6.331789368400188778e+02
8.547054859845515011e+02
8.958656028400877176e+02
7.613881397143886716e+02
7.658294376599209272e+02
9.187798881101992947e+02
9.235835293970407065e+02
8.537611862974885071e+02
7.813442116517317118e+02
7.606568841100084910e+02
7.517908270716086463e+02
7.327434108572624609e+02
7.175037180555408440e+02
7.021925840173105371e+02
6.912087739462753007e+02
6.751438617939271580e+02
6.580631100491261805e+02
6.403535393318221622e+02
6.208705398649325389e+02
6.034782842226953790e+02
5.769033069770734983e+02
5.357534201675089207e+02
5.108058397294984729e+02
5.650822680453056819e+02
6.215036018287720481e+02
5.753506631299087530e+02
4.878216801551803883e+02
7.135489879033628995e+02
6.302105213176367897e+02
6.480288207192936625e+02
7.927137354592966858e+02
8.075125298665062701e+02
7.837912109545042085e+02
7.174870075682115385e+02
6.544238324226405439e+02
6.368864623205394082e+02
6.182644359237775689e+02
6.012521329356929982e+02
5.852746977256714445e+02
5.733438971368067314e+02
5.606122022460754124e+02
5.438845722666488882e+02
5.280459619649251408e+02
5.088094137491303854e+02
4.819446659355569977e+02
4.480034326588250906e+02
4.238635217794841878e+02
4.279822256030620338e+02
4.798719313768771713e+02
5.253040633267196426e+02
4.793177261922898538e+02
4.813190512569115640e+02
5.231151396019599815e+02
6.600350915775678686e+02
6.842863060910597142e+02
6.731600169407106478e+02
6.451635224550316252e+02
5.898971923018779080e+02
5.420416944463073605e+02
5.196322466115877887e+02
5.026306775686916239e+02
4.870778059888817211e+02
4.765219268764896015e+02
4.635890475849619179e+02
4.503045394631082559e+02
4.367304892372746963e+02
4.127464071956557063e+02
3.813300568519519516e+02
3.588471658928958732e+02
3.556400990661761057e+02
3.651612702724452220e+02
4.120351664286896494e+02
4.480953050818275756e+02
3.979217312004276437e+02
5.339231170152544337e+02
5.710653528945549624e+02
5.709832057156107794e+02
5.550366575546900094e+02
5.310274285063038633e+02
4.915941127227505945e+02
4.484581988417430125e+02
4.288431834705433516e+02
4.145409785705912213e+02
4.038723088585863934e+02
3.921981642747422256e+02
3.790081863257419741e+02
3.626736665735679139e+02
3.368660680189771597e+02
3.147872780297792019e+02
3.075430315122338243e+02
3.094713493597214438e+02
3.204094849697131053e+02
3.619011410657622037e+02
4.134125840460853283e+02
4.692762515958879135e+02
4.825021653119042071e+02
4.771706423604857719e+02
4.649371068508433495e+02
4.495670050558751427e+02
4.146276764470555349e+02
3.801077838888475071e+02
3.633106145238531894e+02
3.530017838308133946e+02
3.410768790663922800e+02
3.240750558794443918e+02
3.041964930007324597e+02
2.858985772574624775e+02
2.768025756817056617e+02
2.746357630478563578e+02
2.785520813731742464e+02
2.893216470080644740e+02
3.742751103730859086e+02
4.053598457433119506e+02
4.124491596242130527e+02
4.093887113085072542e+02
4.036662519311946085e+02
3.880100383819595891e+02
3.593150289106416722e+02
3.308542138129140540e+02
3.177589948092468148e+02
3.020931091798744319e+02
2.815958771393114262e+02
2.657754009311589130e+02
2.565611016154543904e+02
2.522531132353178691e+02
2.528766806531276643e+02
2.579309416233720071e+02
3.347407187800928341e+02
3.565884307383808505e+02
3.635983960219779192e+02
3.654316399617895286e+02
3.575313416243470215e+02
3.428568080214394627e+02
3.183640092252491627e+02
2.926856913203633326e+02
2.717265050671589393e+02
2.537810744295458676e+02
2.450154693165350182e+02
2.389241789696399110e+02
2.360869983937005259e+02
2.380830695323726616e+02
3.051684425632147395e+02
3.238623973499189219e+02
3.332184627502085732e+02
3.312786435211558000e+02
3.220297605192494075e+02
3.053601818753396060e+02
2.799110949825006287e+02
2.534540589388941783e+02
2.397876418772093814e+02
2.333110018800825571e+02
2.284796427052769729e+02
2.262286367364767443e+02
2.861884942225325403e+02
3.041808169152259893e+02
3.079443770470206232e+02
3.008530845676513650e+02
2.859753322266720943e+02
2.701451231794180785e+02
2.514097580622881480e+02
2.339849087728913162e+02
2.272694831106319953e+02
2.228140209964013252e+02
2.751868278400333452e+02
2.837928564045586199e+02
2.789542699100488790e+02
2.689898303701434088e+02
2.613844213170891635e+02
2.511534790963739283e+02
2.368844080601256223e+02
2.259102773621727920e+02
2.568781700257053444e+02
2.587711894147304861e+02
2.568678840461631694e+02
2.541181462249175809e+02
2.479700015891561691e+02
2.395553402005814974e+02
2.414086342496797783e+02
2.459181544535789214e+02
2.473719625939808395e+02
2.444163052177807458e+02
2.341443646235323399e+02
2.401335122166048279e+02
