8.789540783645502415e+02
8.354538893453234323e+02
8.189764452979048883e+02
7.665008103375447490e+02
9.185115886883825169e+02
9.234916665267069220e+02
7.929641285250373812e+02
8.681958033206349228e+02
8.752316857305868325e+02
8.651132719138959146e+02
8.657963409700489592e+02
8.511943302141481809e+02
8.544301084785788589e+02
8.618814301987620183e+02
8.591854440940111317e+02
8.372314456718643214e+02
8.362490541660857843e+02
8.459988786563549183e+02
8.437905927123147194e+02
8.253694298255068134e+02
8.216003808410226839e+02
8.177818476841024449e+02
8.118274553343667321e+02
8.336222961811557752e+02
8.121746554792943016e+02
7.376616048850762581e+02
7.756949364427473483e+02
8.025606967432430565e+02
7.917100352389842328e+02
8.062630617514970481e+02
1.020781364260586770e+03
9.543598667918090541e+02
8.551793337089111446e+02
1.003266447651300609e+03
1.200567335695168595e+03
1.004407856800698596e+03
8.578802235988437133e+02
9.468920624842659208e+02
9.520217381638801726e+02
9.423547238310245575e+02
9.340556190764872326e+02
9.262158456218215861e+02
9.301482912601053386e+02
9.205131831833970182e+02
9.028378130780515676e+02
8.877916255330466129e+02
8.805790402105017165e+02
8.708346781009843198e+02
8.545845128320396498e+02
8.411019848953335440e+02
8.231315054967028573e+02
8.107819219862269620e+02
8.242724622550399545e+02
8.187452564989747543e+02
6.850206490191940247e+02
6.499672689817114133e+02
8.062415342748312241e+02
8.275971145095684278e+02
7.981316482706431543e+02
1.061151819149235735e+03
8.991046557450572436e+02
1.044643528767806174e+03
1.259042079748740207e+03
1.238955192072886803e+03
9.987759234357822606e+02
8.275367872329641159e+02
9.204852859473203353e+02
9.292325155999511708e+02
9.139116509425069808e+02
9.085740403283555224e+02
8.993915694489440966e+02
8.990575763394524529e+02
8.757222915961032186e+02
8.560084421081816117e+02
8.373493078790910431e+02
8.176423184529146511e+02
8.007799369568994052e+02
7.863418389358375862e+02
7.639422316433713149e+02
7.431311770405059178e+02
7.540987450026110537e+02
7.486932068428267257e+02
6.369307499231639440e+02
5.161913793190839215e+02
6.114450709818736414e+02
7.632845927170620826e+02
7.798664391897909809e+02
9.256652211148289098e+02
1.043042273017504613e+03
1.245926212156181919e+03
1.233209514774020818e+03
1.166019876184968780e+03
9.100509396276753478e+02
7.431437905223380085e+02
8.358371583703799388e+02
8.413352657056823318e+02
8.301217032249928707e+02
8.219174563847769832e+02
8.136844243754705985e+02
8.042251006555095501e+02
7.789949102686795186e+02
7.572682816329812567e+02
7.308992873900259610e+02
7.096932286775713692e+02
6.958868853377236974e+02
6.748366242591401942e+02
6.553642041803528855e+02
6.621502134175754009e+02
6.591770312837182928e+02
5.615744278235702041e+02
4.448392345975937587e+02
4.450473213760864155e+02
5.537550341096551847e+02
6.900191931668369989e+02
1.035038627875872862e+03
1.203374111083403704e+03
1.174377492664682222e+03
1.117102431998976726e+03
1.029243294568984084e+03
7.911203281998081138e+02
6.443938648140341456e+02
7.266196947663081573e+02
7.346389077632143199e+02
7.227142739290858344e+02
7.167888494344550736e+02
7.028633931585551409e+02
6.915236292060789083e+02
6.682650146397714934e+02
6.415833631700750175e+02
6.168420594703374036e+02
6.010400205959742834e+02
5.835196398348206230e+02
5.666967429293879377e+02
5.768903904564193681e+02
5.749777708947507335e+02
4.917965811228223174e+02
3.808525886130178719e+02
3.650021878642680804e+02
3.879271190211956082e+02
4.946482019687330194e+02
1.166761410456642352e+03
1.107685818254200058e+03
1.037427075382975318e+03
9.669302680255688074e+02
8.810675348218278486e+02
6.747055565619446043e+02
5.460160809778506064e+02
6.203596246235587159e+02
6.264348761345972889e+02
6.192204302503678264e+02
6.085401892445854628e+02
5.941366663487650612e+02
5.854452112193855555e+02
5.607233708527693352e+02
5.367269843422939175e+02
5.183852014450851584e+02
5.021960661764991301e+02
4.897192027986957896e+02
5.009749151812682726e+02
5.059609458931768131e+02
4.347512979703795395e+02
3.321802936174049137e+02
3.059653295306212613e+02
3.107744116121546085e+02
3.422474375843551115e+02
1.058250817558282051e+03
9.649693209136280529e+02
8.886317272161367100e+02
8.231279890067967244e+02
7.490987156369196782e+02
5.681658793013209561e+02
4.600863984526012018e+02
5.239411300062438386e+02
5.329514413994721735e+02
5.230484482042405716e+02
5.117639037065166008e+02
5.017581093603232034e+02
4.916859635680528982e+02
4.709344481516417886e+02
4.532334686411273879e+02
4.364480349956265854e+02
4.263949550222586140e+02
4.403349392787483225e+02
4.476430945041967675e+02
3.911339187103714039e+02
2.967998741940045875e+02
2.660522910642833381e+02
2.585925387252405585e+02
2.722999688771097908e+02
9.163573387298168882e+02
8.245958691392393121e+02
7.575798086807990330e+02
7.040966564620734971e+02
6.343606276525418934e+02
4.790384542542084887e+02
3.873131485358192663e+02
4.460722674546668713e+02
4.511070143322975241e+02
4.415017530086449256e+02
4.347222880703116061e+02
4.247489410273504973e+02
4.172096131442909268e+02
4.029318671362078135e+02
3.876734502588889200e+02
3.773582801311523554e+02
3.926506537156322452e+02
4.038542071435016965e+02
3.553006667624748047e+02
2.717340985932215176e+02
2.396914924084477434e+02
2.258216706033720982e+02
2.271256315638173930e+02
7.860659995000881963e+02
7.080606517299280540e+02
6.554447588730263305e+02
6.045269754208885615e+02
5.408183979297309634e+02
4.058583107013333233e+02
3.312493544259282316e+02
3.804327437441340862e+02
3.840135068935792901e+02
3.794607477591418956e+02
3.728635285667960488e+02
3.655457995164831573e+02
3.627441340512328338e+02
3.516998326546433873e+02
3.427807523290231870e+02
3.566605471802769216e+02
3.705594486282828939e+02
3.302416851088275394e+02
2.519504516015510376e+02
2.223869666281828188e+02
2.057693490988681617e+02
2.001267790753370832e+02
6.828789885109439410e+02
6.217530652091971888e+02
5.723991143086529974e+02
5.247044256868330194e+02
4.654557617442266633e+02
3.509127372249018322e+02
2.851513978976781800e+02
3.277690563767665139e+02
3.347048074066475465e+02
3.307589290194674732e+02
3.262379118565317526e+02
3.233577322650584733e+02
3.230061338059560967e+02
3.182801353237974240e+02
3.326659090559007268e+02
3.459129890023241956e+02
3.119662143541362411e+02
2.394962517963748496e+02
2.093649157845897264e+02
1.935171408401959923e+02
1.845863207241828263e+02
6.101125611238804822e+02
5.528808255871467736e+02
5.064136736795661022e+02
4.612294663340169905e+02
4.099750903579089822e+02
3.060926566806718370e+02
2.486495708585991622e+02
2.901468156164871175e+02
2.964909249760012813e+02
2.943827023374046234e+02
2.936254950230988356e+02
2.933951229628403894e+02
2.983201282205254756e+02
3.164472260673651363e+02
3.308439265051082998e+02
2.988426237453293197e+02
2.310669652160320879e+02
2.022714443668039905e+02
1.847006951984700436e+02
1.756712470852888259e+02
5.527054753568606884e+02
4.982092956884501405e+02
4.543773265976396942e+02
4.153783138549991349e+02
3.644953029796359942e+02
2.706549148183462989e+02
2.231704041980532338e+02
2.611377432002768160e+02
2.679958146999288147e+02
2.692620512713132257e+02
2.709997431346709504e+02
2.757742076581994866e+02
3.024437956837349475e+02
3.214699829639735640e+02
2.923149844664928878e+02
2.253831983181074179e+02
1.980429603798502569e+02
1.808614238071082809e+02
1.694714705423762666e+02
5.068381974520900144e+02
4.552635873397767341e+02
4.174710151254368498e+02
3.771863859776006507e+02
3.282315433754528158e+02
2.463688464027489715e+02
2.035071445213803543e+02
2.394065279088715954e+02
2.484973184275471851e+02
2.522064843357175334e+02
2.585453898473670620e+02
2.840743224784953895e+02
3.122720143080653656e+02
2.892778437657993891e+02
2.238548821264782305e+02
1.955277187761424500e+02
1.791244642525767290e+02
1.675606794792738299e+02
4.708317643701701058e+02
4.253572706801326717e+02
3.859476164881221507e+02
3.461946030539504022e+02
3.039206768768490861e+02
2.275091243981325704e+02
1.886364287619130948e+02
2.246444455377526594e+02
2.355472003156923222e+02
2.435757437229717084e+02
2.697782678092713127e+02
2.970859571226615117e+02
2.849115740214635935e+02
2.242399633993021837e+02
1.961361894270019945e+02
1.784435471126052448e+02
1.672194960619380879e+02
4.462834044406431531e+02
3.989324650830307064e+02
3.597355249592039286e+02
3.260189154962586713e+02
2.847264901254119991e+02
2.130799765081676469e+02
1.785765970772602884e+02
2.150877922883554731e+02
2.296763035733270044e+02
2.567705827747960257e+02
2.850057784372816059e+02
2.740464002353501201e+02
2.228490894375700293e+02
1.979705179986096653e+02
1.802604119566242957e+02
1.674942846730757253e+02
4.235930090373601047e+02
3.762909831021991636e+02
3.432384415883037718e+02
3.096335742788376137e+02
2.697231238685990888e+02
2.033998021082932155e+02
1.722253918095411791e+02
2.113990557258628655e+02
2.440459098146192218e+02
2.734297374404607694e+02
2.652256019405942311e+02
2.158731064557716479e+02
1.978001409921517393e+02
1.828792650586473769e+02
1.698609875796234121e+02
4.034347854232466943e+02
3.625743854533251920e+02
3.293193146101903608e+02
2.964056499378945091e+02
2.597745960671869057e+02
1.975276520689186270e+02
1.702258737328287737e+02
2.261059030972053279e+02
2.615063657971076623e+02
2.562665440471320153e+02
2.101195712169335650e+02
1.924086479364748072e+02
1.833365018492247884e+02
1.727562309223190198e+02
3.917823621160344487e+02
3.504483669865823003e+02
3.176274103066708676e+02
2.877690969291304555e+02
2.541114625646367529e+02
1.963262570951168868e+02
1.829160305697789966e+02
2.435642248804898600e+02
2.465286339454623885e+02
2.039729072979013154e+02
1.878987168036184414e+02
1.787827453051027078e+02
1.734007096906480854e+02
3.808764787470082638e+02
3.398070315054764023e+02
3.100997969559759326e+02
2.833137983037299819e+02
2.540288896677331536e+02
2.119587185893819026e+02
1.977845068620704012e+02
2.308018522573358950e+02
1.970049654669884092e+02
1.828928052429488389e+02
1.749216767874259517e+02
1.692089094033817389e+02
3.708387464823896948e+02
3.330441748364192449e+02
3.066563326971305514e+02
2.846712793648698607e+02
2.755996916916749342e+02
2.423247021427740719e+02
1.881654347774702387e+02
1.851168210087997750e+02
1.770538130156593866e+02
1.705163745752566911e+02
1.656113214680042915e+02
3.645591445405668196e+02
3.303680573692569737e+02
3.092055878302021483e+02
3.101840761905885984e+02
3.140959195839837435e+02
2.516326437835773504e+02
1.513631341536725188e+02
1.667417466590143817e+02
1.652898486943318801e+02
1.614665851838720982e+02
3.625275033229421524e+02
3.339419331044844057e+02
3.379319071189335659e+02
3.525225014913183372e+02
3.239032421638619326e+02
1.991568436551748675e+02
1.365777859423226062e+02
1.558735530995846830e+02
1.565386796465419934e+02
3.672095204401796877e+02
3.657686658266334803e+02
3.828143270572859933e+02
3.613209722420133971e+02
2.584650549047382810e+02
1.770015710745963418e+02
1.278088160115522101e+02
1.476608157467548210e+02
4.029747443729268070e+02
4.129711951437315065e+02
3.900206892657927824e+02
2.903994197177621572e+02
2.311934065650637251e+02
1.633239275683078517e+02
1.210870006179753346e+02
4.536125511355509730e+02
4.183635527441119280e+02
3.153082974318023730e+02
2.612177792013306998e+02
2.144363243637887990e+02
1.526634070576932061e+02
4.572188564557249606e+02
3.399200336956687352e+02
2.849178858325508941e+02
2.433815851924299238e+02
2.012111472122790872e+02
3.731996456812715905e+02
3.083503918419455090e+02
2.664368989733530384e+02
2.291319123204719688e+02
3.397324542559673546e+02
2.892524143194456201e+02
2.515027737717860816e+02
3.196061986714735781e+02
2.736521622427412694e+02
3.029899723118584802e+02
7.660346545537628344e+02
8.276008123466800726e+02
8.438023677774384623e+02
9.090822929210775101e+02
8.441058055975663592e+02
8.522181896357392361e+02
9.300697201709705269e+02
8.720551387676251807e+02
8.693641132058648964e+02
8.666263793242391102e+02
8.546591780338014814e+02
8.539651768710070883e+02
8.469674278951135875e+02
8.425084069558903366e+02
8.342132055776646666e+02
8.297118120765300091e+02
8.207736416142977305e+02
8.142962067358854483e+02
8.067283026675850124e+02
7.991539551421733449e+02
7.864942908736189793e+02
7.789140957949615540e+02
7.755257888989073081e+02
7.493706447430239450e+02
7.401867076712526341e+02
7.685656870047578195e+02
7.357742001157248524e+02
7.227876578360163649e+02
7.443793627067608440e+02
7.338430141611336239e+02
8.302175242089740550e+02
9.530842998832926014e+02
8.776071660208490357e+02
7.932695766246140465e+02
8.847631839895617532e+02
9.720144316553246426e+02
9.135062641514647339e+02
8.408683143311111508e+02
8.233253592052984686e+02
8.147909778056858841e+02
8.022918992686707043e+02
7.867013376186380356e+02
7.727930507014966679e+02
7.634336116628718401e+02
7.512898000802565548e+02
7.348532447399852572e+02
7.185811484361422572e+02
7.019335884965930745e+02
6.859805874192074953e+02
6.711155122971279070e+02
6.444240608521892000e+02
5.978936587918010446e+02
6.002056701045531781e+02
6.660087853518272141e+02
6.736292339425530145e+02
6.009404780976698248e+02
5.538700886196912734e+02
6.911035614412697896e+02
6.781469610058769604e+02
6.964372126856668501e+02
7.709017498544042155e+02
8.326592717025051797e+02
8.210044624938043398e+02
7.557083790301335284e+02
6.915918789976030894e+02
6.689153308257344861e+02
6.529225751447742141e+02
6.358548682694388390e+02
6.213861684825726570e+02
6.084059081229497679e+02
5.969012567124050292e+02
5.806130127627924367e+02
5.634114661336597010e+02
5.461587171320109064e+02
5.191998884679159119e+02
4.828969396418517022e+02
4.594874288132157858e+02
4.817941391132253557e+02
5.258974883539514167e+02
5.470884619336505921e+02
5.132674731293739114e+02
5.074017852321500754e+02
5.593498189105974916e+02
6.237271230745451476e+02
6.738517945266254401e+02
6.710824838278421112e+02
6.474920337014954157e+02
5.915753789338047000e+02
5.383278021276322534e+02
5.168795380150705796e+02
5.016846492308083612e+02
4.886408073014445677e+02
4.759885026296234400e+02
4.638640090444587258e+02
4.507957497411616714e+02
4.288201699201121073e+02
3.984691652119276455e+02
3.746362282437913791e+02
3.718308027754632121e+02
3.917388796877905293e+02
4.232387370604613466e+02
4.377543355135304637e+02
4.201709183587423695e+02
4.890222434588119427e+02
5.362487891001228490e+02
5.417894415440316607e+02
5.298612215040031970e+02
5.063716861874322603e+02
4.637583627577059815e+02
4.245781775823789417e+02
4.071233759898837548e+02
3.942389365933864269e+02
3.820202454547607545e+02
3.648947245162246986e+02
3.410388335943598008e+02
3.218735069596730796e+02
3.151674412988690506e+02
3.157853514247098019e+02
3.306123576901247816e+02
3.534606297925631679e+02
3.725945648473074812e+02
4.267714475494002500e+02
4.415242144209615276e+02
4.388493504908122986e+02
4.274519014246528741e+02
4.096924425315051508e+02
3.786085447794760057e+02
3.473336349295882997e+02
3.275080142038337385e+02
3.062225697632133574e+02
2.882348895725566535e+02
2.793215777916258844e+02
2.763029679483955761e+02
2.795617812800338697e+02
2.918144574412030465e+02
3.376551529704067889e+02
3.650048350361010989e+02
3.719743384558399271e+02
3.688689383205833110e+02
3.594475081466288771e+02
3.411043241528187195e+02
3.080767676528097354e+02
2.768763525086242225e+02
2.634521653828975332e+02
2.566391654251056025e+02
2.539694763829320152e+02
2.558345486454121271e+02
3.030049738655569627e+02
3.202413995261178457e+02
3.211838232356616345e+02
3.111864738350112702e+02
2.972892039188603803e+02
2.834733014703944036e+02
2.648480312546789719e+02
2.489587645081521146e+02
2.440852495224084464e+02
2.685477274973359272e+02
2.752862240507366778e+02
2.764892848995393706e+02
2.739755847411770446e+02
2.686550229913834187e+02
2.615531068328695596e+02
2.454925772720541204e+02
2.555913833544924216e+02
2.594412382229787681e+02
8.789540783645502415e+02
8.354538893453234323e+02
8.189764452979048883e+02
7.665008103375447490e+02
9.185115886883825169e+02
9.234916665267069220e+02
7.929641285250373812e+02
8.681958033206349228e+02
8.752316857305868325e+02
8.651132719138959146e+02
8.657963409700489592e+02
8.511943302141481809e+02
8.544301084785788589e+02
8.618814301987620183e+02
8.591854440940111317e+02
8.372314456718643214e+02
8.362490541660857843e+02
8.459988786563549183e+02
8.437905927123147194e+02
8.253694298255068134e+02
8.216003808410226839e+02
8.177818476841024449e+02
8.118274553343667321e+02
8.336222961811557752e+02
8.121746554792943016e+02
7.376616048850762581e+02
7.756949364427473483e+02
8.025606967432430565e+02
7.917100352389842328e+02
8.062630617514970481e+02
9.617983286441102564e+02
9.182861529656872790e+02
1.091591208946251754e+03
1.223079406262070506e+03
1.070626080637776340e+03
8.836680113414975040e+02
8.973648703067318593e+02
9.295381906114479307e+02
9.239397769483216507e+02
9.145371247408889985e+02
9.068928444078572966e+02
9.061325902104180159e+02
8.956350985861896561e+02
8.756646220209179319e+02
8.582942426913988356e+02
8.443778265572766486e+02
8.300711360252789746e+02
8.143053256585016015e+02
7.980915311954926210e+02
7.785168845890493685e+02
7.710520187240443875e+02
7.792089560013988603e+02
7.421088712008463517e+02
6.162353795862710513e+02
5.944044891722948023e+02
7.315853970603886864e+02
7.921495640373769902e+02
1.112259132110861174e+03
1.198130883530634037e+03
1.155646179282585990e+03
9.945520018900631385e+02
8.176943716500479695e+02
7.851426277848174777e+02
7.897462084560384028e+02
7.975944827456770554e+02
7.924987633092316628e+02
7.832425167928780638e+02
7.760680663771241825e+02
7.581102728349445670e+02
7.377503706916240844e+02
7.151860271453356290e+02
6.934751524778207568e+02
6.757383194551836141e+02
6.599854967721544199e+02
6.455497510327262489e+02
6.385477039667171084e+02
6.314034290436218271e+02
5.812858259559643557e+02
4.888523464706519803e+02
4.279370109727939280e+02
4.828757939540784037e+02
1.040891468503331225e+03
9.685198784954543498e+02
8.269279677895486884e+02
6.850654820229254938e+02
6.477935544550783789e+02
6.323741353851783060e+02
6.282639243676247816e+02
6.300599247506644360e+02
6.225054749837356667e+02
6.121279310208136621e+02
5.960014251114329227e+02
5.777034724731607866e+02
5.570748673788917813e+02
5.390122030961773589e+02
5.276669491846431583e+02
5.200607290970316399e+02
5.126113627138801121e+02
4.959795873405269049e+02
4.526759142965881892e+02
3.812763277558184427e+02
3.301982919318337508e+02
7.838040023065271953e+02
6.701291421672665365e+02
5.602872192848508348e+02
5.236785530761383143e+02
5.053183305108954642e+02
4.926760866285488873e+02
4.877776404123364387e+02
4.845862894532917835e+02
4.772610922593713667e+02
4.657005270348272461e+02
4.515231205819150659e+02
4.397124287179438511e+02
4.333241821381856198e+02
4.267154431355293696e+02
4.153713432818842080e+02
4.003507722084054876e+02
3.651133043359861858e+02
3.093768115137054906e+02
5.525450936890975981e+02
4.639254441566667992e+02
4.298411788892805134e+02
4.106835917939939691e+02
3.972400961952041598e+02
3.872065478424642606e+02
3.819744130276822602e+02
3.814535745505339150e+02
3.764692176809008402e+02
3.722770157021275850e+02
3.680686052092647174e+02
3.602809534985639175e+02
3.504686195511990832e+02
3.369117239891010058e+02
3.085801166345471529e+02
3.976000267409852427e+02
3.651633929587106309e+02
3.462379388842187495e+02
3.320600254155677931e+02
3.224225666931060346e+02
3.181401588474791424e+02
3.202609556481829145e+02
3.233957824708523958e+02
3.204226777979650365e+02
3.143139642385552293e+02
3.066405752409693832e+02
2.960182185041034586e+02
3.243240532853197919e+02
3.047706683268868346e+02
2.925516316861703672e+02
2.868695329305434143e+02
2.841853254209590318e+02
2.827566030087270406e+02
2.821658838978599988e+02
2.811798264241659808e+02
2.760482074814051998e+02
2.850462466373567736e+02
2.747388615615521417e+02
2.666429106707103642e+02
2.609089186446697113e+02
2.576691764457184490e+02
2.543790094832020827e+02
2.631553279817741782e+02
2.529428498172235606e+02
2.459466064850114719e+02
7.660346545537628344e+02
8.276008123466800726e+02
8.438023677774384623e+02
9.090822929210775101e+02
8.441058055975663592e+02
8.522181896357392361e+02
9.300697201709705269e+02
8.720551387676251807e+02
8.693641132058648964e+02
8.666263793242391102e+02
8.546591780338014814e+02
8.539651768710070883e+02
8.469674278951135875e+02
8.425084069558903366e+02
8.342132055776646666e+02
8.297118120765300091e+02
8.207736416142977305e+02
8.142962067358854483e+02
8.067283026675850124e+02
7.991539551421733449e+02
7.864942908736189793e+02
7.789140957949615540e+02
7.755257888989073081e+02
7.493706447430239450e+02
7.401867076712526341e+02
7.685656870047578195e+02
7.357742001157248524e+02
7.227876578360163649e+02
7.443793627067608440e+02
7.338430141611336239e+02
7.848704798427207834e+02
9.294462777420661723e+02
9.883260680780485927e+02
8.439282190644051980e+02
8.463558739839494365e+02
9.970233702532384541e+02
9.479634842608476220e+02
8.747724792847786830e+02
8.588428261374845079e+02
8.476653759626774445e+02
8.416644010179703628e+02
8.278248374039237660e+02
8.139094716725339822e+02
8.035266548732911360e+02
7.936999188269531942e+02
7.790890804661494258e+02
7.628476536037176174e+02
7.488150084322276143e+02
7.320697350512459707e+02
7.163303397870218987e+02
7.033139614097032108e+02
6.751731829009261219e+02
6.271663649727386201e+02
6.501392228413377552e+02
7.168463391801954003e+02
6.669091786122263557e+02
6.044501599808806986e+02
6.243097141917164663e+02
8.501886082246994647e+02
8.932702544783323901e+02
7.584047326673609177e+02
7.624634191162492698e+02
9.145653840229020943e+02
9.195518558544316647e+02
8.494253133891094194e+02
7.772101431588893092e+02
7.562104897836055670e+02
7.470760987843218572e+02
7.283650337165737483e+02
7.132920641023795270e+02
6.980833427011658614e+02
6.868536816950419279e+02
6.713415622225643347e+02
6.545068132713527120e+02
6.367892866781709245e+02
6.171558897819004414e+02
5.999773878776793481e+02
5.739405165795132007e+02
5.330279014511069136e+02
5.081947365435913184e+02
5.626092788012146002e+02
6.199136817344027577e+02
5.759483899249441947e+02
4.860145337148707085e+02
7.158712888396098606e+02
6.308011550701965007e+02
6.474770768094830373e+02
7.916928055015678183e+02
8.066447175217887207e+02
7.823940291819659478e+02
7.166459424206542508e+02
6.537247035203261021e+02
6.356966016767307792e+02
6.173967871669345868e+02
6.006258403412577991e+02
5.845585715316499318e+02
5.725226853285271318e+02
5.600685029117520344e+02
5.433945290156353849e+02
5.275512718925646141e+02
5.083351503855286069e+02
4.816694067355047082e+02
4.479589978524189746e+02
4.239266554716087967e+02
4.280845778979524425e+02
4.808796690036160726e+02
5.282846870592911728e+02
4.855733245758198677e+02
4.856211510572270527e+02
5.261122755530529957e+02
6.623026212150581387e+02
6.857594657715771973e+02
6.740512081130751767e+02
6.465657026760800363e+02
5.913799045129488832e+02
5.435291626075296563e+02
5.210124835653313085e+02
5.040911371028514623e+02
4.886336534133457690e+02
4.779395321121177744e+02
4.650747575550324768e+02
4.516338982170828444e+02
4.381686976768967838e+02
4.142402311483029393e+02
3.826460634203922950e+02
3.600516035458483657e+02
3.570122532364763970e+02
3.670416942513038521e+02
4.158904964296925186e+02
4.545559262881643008e+02
4.027196626048799430e+02
5.377983986854395653e+02
5.729454871841875274e+02
5.722523118204474031e+02
5.570599261248280527e+02
5.331340958903571163e+02
4.937572433474590525e+02
4.504404052744130809e+02
4.304831076547889097e+02
4.161758322487624469e+02
4.055495690959745048e+02
3.938280336729620217e+02
3.806433746564159151e+02
3.644050862319818975e+02
3.383573516999043704e+02
3.160694670018277179e+02
3.086630814019018771e+02
3.106707631732678578e+02
3.226091300284891190e+02
3.668498145661200738e+02
4.168434538430187786e+02
4.704374473528588396e+02
4.829256752153913794e+02
4.785034172683051565e+02
4.665891096018671647e+02
4.514231063836526801e+02
4.161305719154933627e+02
3.811296649027384547e+02
3.640977511211794422e+02
3.538300006048248747e+02
3.420608055802451872e+02
3.250058823742645018e+02
3.052600230297501298e+02
2.869132523621701694e+02
2.774061334235940990e+02
2.748313645136698824e+02
2.789994443664639334e+02
2.910927558129665726e+02
3.738389046572139591e+02
4.046125320386964290e+02
4.126329073283274056e+02
4.100329715346957755e+02
4.047598677654830226e+02
3.888389119621736540e+02
3.595495499637829653e+02
3.309272000706982908e+02
3.178747861466111999e+02
3.021662494771845218e+02
2.817531288994940155e+02
2.662508119280452661e+02
2.568860528621478352e+02
2.520030080475918339e+02
2.521594258657537750e+02
2.575797095054799115e+02
3.326860308762475711e+02
3.557306604451453040e+02
3.632656316312655917e+02
3.657353736147208565e+02
3.577787910994075560e+02
3.426633671661068661e+02
3.180750296871133287e+02
2.925030986620118938e+02
2.715175159236266040e+02
2.535979520688875937e+02
2.449522892456398040e+02
2.385431630303651218e+02
2.351463621112547742e+02
2.368079920943341961e+02
3.034376912953823648e+02
3.229303280864444332e+02
3.330553161451254027e+02
3.312384599494619124e+02
3.217712139398992690e+02
3.050964899676853292e+02
2.799483119227055568e+02
2.535916999632935926e+02
2.395669401968701493e+02
2.328562730141226496e+02
2.276914562412351870e+02
2.249659817861311240e+02
2.850269199205162636e+02
3.040373278478410271e+02
3.080009139231476638e+02
3.007484350968523472e+02
2.862259975128667975e+02
2.707862375476705097e+02
2.518473643111740898e+02
2.339494194078454825e+02
2.269271866548977243e+02
2.220775630792908544e+02
2.754055669170510328e+02
2.842796829178945472e+02
2.794307176080806698e+02
2.698611289805273259e+02
2.625278836029023637e+02
2.519595304943890142e+02
2.372019868615956284e+02
2.261359835419566764e+02
2.581643366045038306e+02
2.600054118074342568e+02
2.581792614742524279e+02
2.556116714842094098e+02
2.493044630216681981e+02
2.405487695682552385e+02
2.432173125826494982e+02
2.476569316644582557e+02
2.492932545485714400e+02
2.463628561340069609e+02
2.364088363542769002e+02
2.427005896382951562e+02
