9.024579245619124777e+02
8.524321775109667669e+02
8.340906316899311150e+02
7.801006838722724979e+02
9.303651157544812804e+02
9.389896056514261318e+02
8.131359445102258405e+02
8.867619435193092841e+02
8.937249223715406288e+02
8.835160475522936849e+02
8.838558677927454710e+02
8.691533002598108624e+02
8.712739903188704602e+02
8.786245784719452558e+02
8.763247077552488236e+02
8.531870731757585418e+02
8.504257176667657632e+02
8.599729252415764904e+02
8.556208428646463062e+02
8.363336555853453547e+02
8.315399727165890909e+02
8.276152009903523776e+02
8.202277613741935056e+02
8.411562957657821471e+02
8.180289285434456588e+02
7.412925452896297429e+02
7.767437058909714551e+02
8.026141953338401436e+02
7.912365067125300584e+02
8.085572572275353878e+02
1.089769335914118528e+03
1.007162588887153561e+03
8.969598314730296806e+02
1.048445996063036773e+03
1.259643988596130839e+03
1.060250377573456490e+03
9.100276935107285681e+02
1.008421708394424513e+03
1.008957300036098104e+03
1.000923678136531748e+03
9.917878977531297551e+02
9.811073982388267041e+02
9.825181269193717526e+02
9.728932011309642576e+02
9.538873607278277404e+02
9.372190142206623023e+02
9.293007264483919698e+02
9.178397356110951932e+02
9.003000069718901841e+02
8.847531563375434871e+02
8.603155225932376879e+02
8.436431991237776629e+02
8.582001776732890903e+02
8.518044687336056313e+02
7.097420640751115570e+02
6.697071361225901001e+02
8.257636810802204081e+02
8.484117781604235233e+02
8.213964165051687587e+02
1.153026428511899212e+03
9.742718066950549201e+02
1.124752653349310549e+03
1.351558255748627062e+03
1.333794602139910239e+03
1.079072475914494134e+03
8.973800873611729685e+02
1.001491974966955240e+03
1.008417944304533535e+03
9.915893809606050127e+02
9.859672179200782693e+02
9.746013257434789239e+02
9.743257637485993428e+02
9.496957624513720475e+02
9.283295632777764013e+02
9.077739040155047405e+02
8.859861968519101083e+02
8.656680463147980618e+02
8.474869141734842515e+02
8.199733872694707770e+02
7.934254796198738404e+02
8.023328942994755835e+02
7.932230885746530475e+02
6.739129834694285819e+02
5.450932050755595810e+02
6.429988504551524784e+02
8.003451038823064891e+02
8.144097332831928497e+02
1.016232068154239869e+03
1.143740862699236004e+03
1.354040082739671107e+03
1.333196660892617729e+03
1.265647420189820423e+03
9.909821687261928673e+02
8.112372706761540258e+02
9.159282892428765308e+02
9.177721246680846434e+02
9.046083839884489635e+02
8.980109916320882348e+02
8.895116782765409198e+02
8.798385844024041944e+02
8.526107188384434039e+02
8.292244315180479362e+02
7.990532830288383366e+02
7.752461545064397797e+02
7.561624334696857659e+02
7.296473403125417008e+02
7.059031381287583145e+02
7.097833380250510800e+02
7.006392253064205988e+02
5.962044012917743885e+02
4.725511237770109005e+02
4.723339948293688053e+02
5.862414665434730523e+02
7.267004882672986241e+02
1.138557873588884604e+03
1.316391674701649436e+03
1.270908505872297610e+03
1.205579702333030355e+03
1.115757128809283358e+03
8.620045917717460497e+02
7.033534832536777230e+02
7.943054385741637589e+02
7.993327441705359888e+02
7.866059736559016073e+02
7.831994675871986828e+02
7.687323740779002037e+02
7.565642473964687724e+02
7.314518946978502072e+02
7.018078013675708462e+02
6.734040062545632281e+02
6.538868498338788413e+02
6.308184746002503971e+02
6.096068934019369863e+02
6.170887676249071774e+02
6.100266393113521417e+02
5.205011496696672566e+02
4.030940566283285875e+02
3.865672591240884231e+02
4.107046964267066755e+02
5.210672688149458054e+02
1.273919626739951127e+03
1.200816742136596986e+03
1.115937771295145012e+03
1.037263998452469423e+03
9.526523427046416828e+02
7.334583073058289528e+02
5.932004990480483002e+02
6.750893614403261154e+02
6.797765555707711655e+02
6.719403264918162222e+02
6.628465811034603803e+02
6.473739947283886522e+02
6.378543371857406328e+02
6.105926825758293717e+02
5.842280450092790716e+02
5.619018790046387721e+02
5.420587596894157514e+02
5.253120002444969714e+02
5.334959832726945024e+02
5.346076134957611430e+02
4.588186968665859240e+02
3.496871364668239153e+02
3.222723396905165600e+02
3.278354598504243995e+02
3.602801109650646367e+02
1.144712390729003801e+03
1.038437085923238783e+03
9.483648433125058546e+02
8.794210656432794622e+02
8.070027563193539208e+02
6.147768676399473406e+02
4.977408660555045117e+02
5.688117831392648895e+02
5.769139532534760519e+02
5.655209887029240008e+02
5.546431481614852146e+02
5.436484737156858955e+02
5.320499328354895852e+02
5.097331249715023205e+02
4.897407313697199811e+02
4.695138427497218458e+02
4.565395426058726116e+02
4.674231539961435828e+02
4.719115639706208754e+02
4.116399025959370874e+02
3.113084269332626945e+02
2.788125019306268655e+02
2.719118992930357877e+02
2.868408239475353412e+02
9.847381097072108105e+02
8.797957242097468225e+02
8.047264087048552028e+02
7.487262868214182845e+02
6.800030087728969193e+02
5.166091310290437377e+02
4.183581531399130995e+02
4.833735831739704736e+02
4.871678257739532683e+02
4.751482513298983577e+02
4.682555509294738272e+02
4.568107572177320321e+02
4.484999844979022328e+02
4.330738539185905438e+02
4.161176654238685728e+02
4.030058471599022027e+02
4.160702863215022376e+02
4.253989521554250359e+02
3.737029826133701249e+02
2.840294708052466603e+02
2.503277417344473861e+02
2.368170554567438444e+02
2.398230467958602787e+02
8.378871044944115738e+02
7.515775683045795859e+02
6.923755169349648213e+02
6.392701583513812693e+02
5.777354229239194865e+02
4.372529535560097429e+02
3.572500724362207620e+02
4.114193996002155700e+02
4.132901197272963714e+02
4.060677171273649719e+02
3.985216782368359532e+02
3.904963315994510253e+02
3.872159693355347372e+02
3.756319002862182970e+02
3.653647340532431826e+02
3.770648176779591267e+02
3.901868169499738883e+02
3.470696123892348623e+02
2.628503151906311359e+02
2.313533110809422908e+02
2.152926761800042357e+02
2.116089190360447958e+02
7.242302472960399200e+02
6.556647226038326153e+02
6.009476486980706795e+02
5.526415628308373016e+02
4.962835520315658187e+02
3.773975763302207724e+02
3.068412142552272712e+02
3.531997607895846727e+02
3.584705579544921648e+02
3.513774539744340473e+02
3.462962431847295761e+02
3.430488609149895183e+02
3.425414047702846005e+02
3.373824518834080664e+02
3.508119815192648616e+02
3.637141036775265093e+02
3.272932783585548577e+02
2.490012668957471362e+02
2.171307785658708838e+02
2.016878383580371121e+02
1.951163021812443503e+02
6.425163999914310580e+02
5.790638575663234633e+02
5.293173564071430519e+02
4.841836114066585424e+02
4.355887567354736234e+02
3.281979056927489751e+02
2.664069202844689244e+02
3.109375650319489068e+02
3.154289901165171841e+02
3.107959635705388450e+02
3.095832034166070912e+02
3.091973945130945935e+02
3.137071342587749427e+02
3.314904856490835527e+02
3.469506939689351839e+02
3.125126822414730441e+02
2.390587709138792150e+02
2.086098099253377995e+02
1.917298300543159826e+02
1.850880109720431506e+02
5.779685232653857838e+02
5.192400489522594853e+02
4.728752841645949729e+02
4.336409037741245811e+02
3.852485312810129017e+02
2.886191184101846829e+02
2.375358810789624613e+02
2.777974313760229279e+02
2.835642906400094034e+02
2.826443932108320496e+02
2.838622041064778614e+02
2.880626344070423670e+02
3.139704575099475505e+02
3.346759271129993749e+02
3.041760968132520588e+02
2.317443576352194157e+02
2.027836472736044016e+02
1.863989346217699961e+02
1.777955508528984012e+02
5.273863092363010310e+02
4.720129584604868569e+02
4.315244160957323061e+02
3.909142967302580018e+02
3.442639366541327490e+02
2.606559225887461935e+02
2.148222421750368198e+02
2.532132310405962698e+02
2.616883525022993240e+02
2.632669613409169074e+02
2.684163458360696382e+02
2.928161030544461028e+02
3.220423382864907467e+02
2.981667692433409798e+02
2.283911787943924878e+02
1.986000681659563156e+02
1.829879709467746238e+02
1.743904396699532526e+02
4.871967549992070303e+02
4.376282528567758163e+02
3.956482983090779157e+02
3.554466684462391299e+02
3.156212354984615445e+02
2.384790759577291226e+02
1.978898831242493941e+02
2.364910513878060385e+02
2.469026127239338848e+02
2.522139948325884973e+02
2.764166185137214597e+02
3.042660147027594917e+02
2.904354749568623220e+02
2.260895178170553947e+02
1.973460050008844746e+02
1.806068474251172233e+02
1.723785036413230500e+02
4.581096975176716342e+02
4.068313125405947517e+02
3.651596366955790245e+02
3.310291975418308539e+02
2.925520780883190355e+02
2.218537257867619701e+02
1.864571726332204662e+02
2.254152893129328277e+02
2.389998410742639692e+02
2.626527366442706466e+02
2.903078464908206229e+02
2.771798330376997797e+02
2.218682617060198083e+02
1.966039252596183076e+02
1.805492126336428100e+02
1.709911289508746677e+02
4.309835429123977519e+02
3.799684910343288493e+02
3.445611190284048462e+02
3.109214018726207200e+02
2.750933155678602020e+02
2.107453435240348654e+02
1.790335682729858036e+02
2.199669804418773253e+02
2.510805511024310306e+02
2.783811942404431647e+02
2.666833212788589549e+02
2.130568803854071120e+02
1.938472195646674834e+02
1.806748086970696363e+02
1.715548819918048764e+02
4.066100680244139767e+02
3.622080169846763624e+02
3.271466900692290665e+02
2.955224263020365925e+02
2.636187079955010404e+02
2.037453631366143441e+02
1.757024438785995812e+02
2.326632112647985480e+02
2.680219233389092324e+02
2.575850764619523261e+02
2.060712726077084938e+02
1.868953716835567036e+02
1.787102850677366916e+02
1.720899905620459833e+02
3.909270909769358582e+02
3.467521761153984698e+02
3.136403337758384851e+02
2.856700822826389867e+02
2.567240940940184828e+02
2.010566157079360892e+02
1.867384204192599384e+02
2.497515592070605805e+02
2.494361116850283793e+02
1.999789926691915696e+02
1.813917443443790489e+02
1.727644497637138556e+02
1.704766558789351336e+02
3.768195635147873759e+02
3.346107871104281912e+02
3.052914423944475857e+02
2.802134223530409827e+02
2.548164366151419529e+02
2.146959663045715274e+02
2.012477614588326276e+02
2.335189532391322587e+02
1.943982379746423419e+02
1.765837669845251412e+02
1.680631674027982854e+02
1.650089803022048613e+02
3.655948310619738777e+02
3.273981554145154291e+02
3.011835211982286182e+02
2.797500494279820487e+02
2.734766126581773165e+02
2.446287535715272838e+02
1.888161024197644906e+02
1.825732517855358878e+02
1.720975735842461063e+02
1.639589116707275593e+02
1.606808738000653136e+02
3.592593032095700210e+02
3.243875706754675434e+02
3.020754241555541171e+02
3.017604604062241265e+02
3.106570855066428862e+02
2.503679476091035951e+02
1.479740961591144242e+02
1.619762174720748362e+02
1.600716189022074900e+02
1.569083929031125990e+02
3.572469983101570392e+02
3.264779510659370203e+02
3.271706594730661095e+02
3.420271826916919622e+02
3.156001320248344655e+02
1.929464262656341873e+02
1.314891555892347696e+02
1.508744017457930227e+02
1.532979688912813572e+02
3.606100640774571957e+02
3.546982546872277453e+02
3.699424627393864853e+02
3.453437967460739060e+02
2.451105450024608672e+02
1.688402195358184770e+02
1.226051810123109220e+02
1.445683539005411831e+02
3.928338143053911722e+02
4.000077373007858341e+02
3.713710882492396195e+02
2.701243289770349634e+02
2.158539426326090336e+02
1.552205476134051594e+02
1.175164402140679698e+02
4.419226381312056446e+02
3.993082723352410994e+02
2.922408330377087395e+02
2.392786209765292824e+02
1.994823247743829597e+02
1.467955098140801908e+02
4.388907862144939145e+02
3.158257234923073611e+02
2.601601302260401098e+02
2.222055408190663002e+02
1.894190201874237118e+02
3.487099752302675029e+02
2.823341277291002029e+02
2.425993500471236928e+02
2.117873833760929472e+02
3.128923856900007650e+02
2.641969354423799814e+02
2.319592601676391439e+02
2.937100444088111999e+02
2.532778096682114892e+02
2.822333913308155502e+02
7.897392599124473236e+02
8.574492519066068326e+02
8.732135666688958509e+02
9.387886320339731583e+02
8.718960241249865248e+02
8.813448046495424251e+02
9.643440454185046065e+02
9.067349817847286886e+02
9.024120273598289259e+02
8.994583709878412492e+02
8.866841054649819398e+02
8.853312595080515166e+02
8.779256238392687237e+02
8.726568504478726709e+02
8.633100032358697717e+02
8.581034221194829570e+02
8.480845823506072065e+02
8.396395857614451188e+02
8.310368027336531895e+02
8.211935506494764923e+02
8.072540785740811771e+02
7.981848079897717980e+02
7.931469345686514316e+02
7.643878119511653040e+02
7.535308040349971179e+02
7.802696955909149210e+02
7.447519608387655126e+02
7.303474673438432774e+02
7.539716201593502092e+02
7.430892045259557790e+02
8.841478059121645856e+02
1.015818325191038184e+03
9.382513821441910977e+02
8.501341281950353732e+02
9.488092410857184404e+02
1.041057939382742688e+03
9.803679586480741364e+02
9.036074417107287218e+02
8.853250911443483346e+02
8.751564772218097232e+02
8.621881628094822645e+02
8.452461224696870659e+02
8.295923371059362808e+02
8.187663184569452142e+02
8.052367965833998369e+02
7.867999872264894066e+02
7.681832770185250183e+02
7.483830624467296957e+02
7.293856407039659189e+02
7.123336175728966282e+02
6.825512698305893764e+02
6.308049211794591429e+02
6.302355349374169009e+02
6.958446211400377024e+02
7.009024039074089387e+02
6.243503494768953033e+02
5.787432096791965250e+02
7.381512141469452217e+02
7.302026928280695302e+02
7.543828114062810073e+02
8.345353591079749549e+02
8.992909934250902779e+02
8.863013240486516224e+02
8.163866932708190234e+02
7.478606994194693698e+02
7.244352692555099793e+02
7.070706727312118574e+02
6.882435894926228457e+02
6.723777799855779449e+02
6.576330220342970279e+02
6.443029536937950752e+02
6.257476587519296345e+02
6.061052325691473470e+02
5.864347176947951539e+02
5.565673572690124047e+02
5.169791011009508566e+02
4.905420960694822838e+02
5.115664627883315347e+02
5.545309775578695053e+02
5.722097623939168898e+02
5.346053678219799394e+02
5.402164594915403768e+02
6.016287341327038121e+02
6.728282162871175842e+02
7.262167380257474179e+02
7.216547713626096083e+02
6.960768299679084521e+02
6.358802888623237095e+02
5.788434120666898934e+02
5.561398350349616067e+02
5.392834963229320238e+02
5.243970910193573900e+02
5.103240469661456586e+02
4.968035115279388947e+02
4.822457809777600914e+02
4.581989278634131324e+02
4.258892526429490886e+02
4.002680928986197841e+02
3.965236431536152963e+02
4.154143699889126538e+02
4.450940093524602048e+02
4.554751851248324783e+02
4.452450569678072156e+02
5.225755900805862666e+02
5.740355114345354650e+02
5.784833798024102407e+02
5.642567413637552818e+02
5.387749203143793011e+02
4.931008682482517429e+02
4.508941629851402695e+02
4.321704910624393392e+02
4.180086160661402914e+02
4.045924269573624770e+02
3.863583884480391362e+02
3.613146966855755409e+02
3.412676389834062434e+02
3.343063113568780977e+02
3.345740173024890964e+02
3.485767534070659508e+02
3.695231979343080297e+02
3.921067840736168364e+02
4.516454699437233558e+02
4.671377585945380133e+02
4.629131843675496611e+02
4.494850705685357752e+02
4.303794264041131328e+02
3.970376196464921463e+02
3.636639393714009429e+02
3.430515991109413676e+02
3.209390277130813729e+02
3.022596462982920684e+02
2.934254095980850821e+02
2.905642195421264091e+02
2.936865121609131961e+02
3.051197856639714701e+02
3.520673245954392314e+02
3.819310696092900344e+02
3.885541546018569647e+02
3.838827480282547526e+02
3.730971350569932383e+02
3.537517861844250433e+02
3.192060995654132398e+02
2.868405098174627028e+02
2.736670429039361352e+02
2.672663334479154855e+02
2.647832358828661654e+02
2.664113839056372512e+02
3.128956881113148256e+02
3.309500649264488743e+02
3.311861613895409278e+02
3.200535922886243725e+02
3.052114888203534520e+02
2.913167447013800029e+02
2.726295468508023419e+02
2.567604790620262634e+02
2.522131119257379339e+02
2.744243176473407289e+02
2.813534854358352391e+02
2.824398686188087026e+02
2.797348413385095114e+02
2.744777897072764290e+02
2.676659326506530192e+02
2.492480217655156878e+02
2.599346124180062816e+02
2.638232820795805651e+02
9.024579245619124777e+02
8.524321775109667669e+02
8.340906316899311150e+02
7.801006838722724979e+02
9.303651157544812804e+02
9.389896056514261318e+02
8.131359445102258405e+02
8.867619435193092841e+02
8.937249223715406288e+02
8.835160475522936849e+02
8.838558677927454710e+02
8.691533002598108624e+02
8.712739903188704602e+02
8.786245784719452558e+02
8.763247077552488236e+02
8.531870731757585418e+02
8.504257176667657632e+02
8.599729252415764904e+02
8.556208428646463062e+02
8.363336555853453547e+02
8.315399727165890909e+02
8.276152009903523776e+02
8.202277613741935056e+02
8.411562957657821471e+02
8.180289285434456588e+02
7.412925452896297429e+02
7.767437058909714551e+02
8.026141953338401436e+02
7.912365067125300584e+02
8.085572572275353878e+02
1.030664639429252020e+03
9.798094292801818028e+02
1.160251871212376273e+03
1.300010841835447991e+03
1.144134801332274947e+03
9.475506313426947145e+02
9.651090082355354980e+02
9.980534697433510019e+02
9.922405647595476239e+02
9.818661442156386556e+02
9.724685817227477855e+02
9.699957979392073639e+02
9.592347898160545583e+02
9.378099923250492793e+02
9.187526530215161529e+02
9.033078288255489952e+02
8.867753604284013136e+02
8.683972778134531154e+02
8.488334358191790443e+02
8.234278593961399793e+02
8.119516374394834202e+02
8.188355378692180011e+02
7.783977032903118243e+02
6.445009991914569127e+02
6.190785432349937309e+02
7.583683288305602446e+02
8.204334524958487691e+02
1.208504769261962110e+03
1.294354387613187328e+03
1.247410419511951432e+03
1.076584275607726568e+03
8.885682411289964193e+02
8.560745422703754457e+02
8.601860463928499030e+02
8.677516859615470821e+02
8.622696838426832073e+02
8.526586712338441885e+02
8.455704863653535313e+02
8.264793063649074156e+02
8.043563953416493177e+02
7.793581858160704314e+02
7.547541576797012794e+02
7.331588183345311336e+02
7.129727254089833650e+02
6.939557048419083003e+02
6.827221970465323011e+02
6.718601316809860009e+02
6.160307908168470021e+02
5.176016445740765448e+02
4.528318038279600160e+02
5.096806803949713753e+02
1.121233857080968846e+03
1.043369304090060496e+03
8.925469963675576537e+02
7.421335134931088078e+02
7.048929856696927345e+02
6.877239685275782222e+02
6.826437002467591810e+02
6.854099644940685039e+02
6.776168066708162314e+02
6.665681653069603954e+02
6.491148662860364311e+02
6.290729404132628133e+02
6.057232177637383757e+02
5.848540548723068468e+02
5.696594637838401241e+02
5.582324903591069187e+02
5.474615271830907659e+02
5.270226624646002165e+02
4.784938027496006612e+02
4.025537533778058332e+02
3.488487684416118100e+02
8.385366194492794421e+02
7.187179377556726649e+02
6.026922548084651226e+02
5.657946743758117236e+02
5.467677068936499154e+02
5.332384073057502292e+02
5.282070080315581890e+02
5.245943322065882057e+02
5.161929919519340046e+02
5.033044799519015555e+02
4.875307694050247846e+02
4.736785574951500166e+02
4.651225698400426154e+02
4.558328511549892141e+02
4.413910401691624088e+02
4.231827892305130945e+02
3.842421832942289370e+02
3.252174076157270974e+02
5.878715402773981396e+02
4.947333251844912638e+02
4.605874692411161959e+02
4.412418255114412204e+02
4.271198951911691211e+02
4.164005511676084552e+02
4.101828347111685957e+02
4.088563587451441776e+02
4.026067450138086201e+02
3.973352863655118199e+02
3.916784824873666366e+02
3.819626423330750526e+02
3.698279591848303767e+02
3.539368219644743476e+02
3.231650114101138911e+02
4.198481660871404415e+02
3.873986436391595589e+02
3.683332504345249276e+02
3.535493470972061232e+02
3.433433452454885355e+02
3.381622724962575717e+02
3.394159639607837562e+02
3.418881976111509857e+02
3.377172760141939989e+02
3.299739243416436807e+02
3.206614217481303513e+02
3.085096602235558407e+02
3.399777688747814182e+02
3.202772445504913321e+02
3.074688668340789945e+02
3.014279940437720597e+02
2.982529342633526426e+02
2.960445758591341132e+02
2.944458319516896836e+02
2.923976859014939009e+02
2.859849307060831620e+02
2.953128027843467862e+02
2.845783195804967249e+02
2.759878319306722005e+02
2.697749281854538026e+02
2.659624673710875413e+02
2.619910897326911368e+02
2.684880684829736879e+02
2.578632663560708806e+02
2.505440956303179689e+02
7.897392599124473236e+02
8.574492519066068326e+02
8.732135666688958509e+02
9.387886320339731583e+02
8.718960241249865248e+02
8.813448046495424251e+02
9.643440454185046065e+02
9.067349817847286886e+02
9.024120273598289259e+02
8.994583709878412492e+02
8.866841054649819398e+02
8.853312595080515166e+02
8.779256238392687237e+02
8.726568504478726709e+02
8.633100032358697717e+02
8.581034221194829570e+02
8.480845823506072065e+02
8.396395857614451188e+02
8.310368027336531895e+02
8.211935506494764923e+02
8.072540785740811771e+02
7.981848079897717980e+02
7.931469345686514316e+02
7.643878119511653040e+02
7.535308040349971179e+02
7.802696955909149210e+02
7.447519608387655126e+02
7.303474673438432774e+02
7.539716201593502092e+02
7.430892045259557790e+02
8.357970753959344847e+02
9.871071435620769989e+02
1.049483629120212754e+03
8.987450359652536918e+02
9.021376107458524984e+02
1.064722061367927608e+03
1.013343229298987694e+03
9.369551260244909372e+02
9.207926835669043157e+02
9.073814316189456122e+02
9.008613475156926143e+02
8.859976362930358391e+02
8.703716972143801058e+02
8.581181734651199804e+02
8.475592860693008106e+02
8.310930409505218677e+02
8.128717455897918853e+02
7.968033554285696027e+02
7.764195002193802111e+02
7.578128904848816774e+02
7.427866398345621519e+02
7.106692072698606353e+02
6.575580099054714083e+02
6.794221176994692541e+02
7.453401967047474272e+02
6.904740934857243246e+02
6.261332454707275019e+02
6.507425428219856940e+02
9.081496443146661477e+02
9.596665106008891826e+02
8.194795746114895110e+02
8.253960476860514746e+02
9.898669372132532089e+02
9.935298521923047019e+02
9.184340151617238917e+02
8.414800235845829093e+02
8.197301275570383723e+02
8.100012662172681530e+02
7.896545005170560216e+02
7.732460076188968969e+02
7.563677689906882051e+02
7.440216079147767232e+02
7.263222284592991400e+02
7.069838691611855666e+02
6.865797188395913508e+02
6.637612114439244806e+02
6.436541563742952121e+02
6.140964905627513417e+02
5.688633286376285696e+02
5.402222186552002086e+02
5.945716601145030609e+02
6.506111936783689771e+02
6.003076492001201814e+02
5.079182870830110232e+02
7.637741587756753461e+02
6.806840219330377977e+02
7.023848353188205920e+02
8.590471513035828366e+02
8.717522345204267822e+02
8.450963822884781393e+02
7.746838499064609778e+02
7.075189805355490762e+02
6.890875296903099070e+02
6.689956313579538119e+02
6.506442742986598660e+02
6.331544772428369470e+02
6.199318502316351669e+02
6.054157336657525548e+02
5.863675676759251019e+02
5.683836249797118398e+02
5.464646664894588639e+02
5.167566093634284243e+02
4.797902971554607348e+02
4.528026801750027062e+02
4.551966020158506012e+02
5.074688476479328756e+02
5.521664944277503082e+02
5.021590181831475093e+02
5.172943159037949954e+02
5.664182160105681305e+02
7.158289870323446848e+02
7.388851233702084755e+02
7.245663623742093478e+02
6.949335865030685682e+02
6.360912147273179471e+02
5.846895095438882208e+02
5.608976303372592156e+02
5.425081388644554181e+02
5.254656035749856073e+02
5.137082292645104644e+02
4.991233404828359426e+02
4.839867729079552987e+02
4.687934765636952648e+02
4.424877145211098650e+02
4.086549294447450507e+02
3.842477309287759795e+02
3.798308289594632470e+02
3.882769568014099377e+02
4.355884555301976206e+02
4.707701173885469075e+02
4.268672370739938060e+02
5.761929439003657762e+02
6.146119449894890749e+02
6.122373864337910163e+02
5.943447796263486680e+02
5.689233216073686208e+02
5.265817083265634437e+02
4.801051183490400263e+02
4.592832739694877660e+02
4.436498333792953872e+02
4.317742569808949042e+02
4.188625021352058866e+02
4.043472376241264783e+02
3.866027019116729662e+02
3.589549673193120611e+02
3.355741762843761080e+02
3.276485310744699859e+02
3.289260549528041224e+02
3.391728508391429386e+02
3.809705056980808422e+02
4.407679408199151680e+02
5.011492189510584581e+02
5.140585386725974786e+02
5.073536123737395656e+02
4.937088437471222164e+02
4.771217790423748966e+02
4.395079372105211633e+02
4.024914374768371772e+02
3.845867049669325297e+02
3.733658249502882427e+02
3.604569003619134833e+02
3.423179439022276256e+02
3.214276066830736340e+02
3.021763296738269560e+02
2.926787335265188403e+02
2.902693652061705620e+02
2.938936950939057624e+02
3.042007781468262237e+02
3.943360492589744126e+02
4.277605246454592134e+02
4.349061545060798153e+02
4.308628499107443304e+02
4.239663914977205650e+02
4.070515471132936796e+02
3.764201670313978525e+02
3.461363784573293856e+02
3.324055586551962733e+02
3.158811116008595263e+02
2.944847841994092619e+02
2.782273519974369833e+02
2.687456524258601576e+02
2.643538981437667985e+02
2.649500339779873457e+02
2.699387475699203378e+02
3.485750765140170984e+02
3.722859487285581963e+02
3.793150857509139087e+02
3.802790344880850739e+02
3.712511435831064546e+02
3.557804808714863611e+02
3.299999578087478653e+02
3.030764498674147944e+02
2.815196995929742911e+02
2.630999910498808276e+02
2.542503231305797158e+02
2.480875998793195834e+02
2.453499867113653465e+02
2.474645072173060782e+02
3.148609605893166190e+02
3.348148056804444082e+02
3.439689115968324131e+02
3.412284283424492628e+02
3.313471762370998022e+02
3.141515181890499662e+02
2.878562673512577135e+02
2.605980490652066806e+02
2.467644268717231455e+02
2.403099416517505063e+02
2.354841502065093835e+02
2.334064089893836638e+02
2.930426880813291177e+02
3.117156549217420434e+02
3.152136417126458241e+02
3.076794904322398452e+02
2.924185360988406046e+02
2.763829319925633285e+02
2.571728399205745177e+02
2.393059393475865022e+02
2.327106851724132071e+02
2.283244990237657817e+02
2.800411327275452322e+02
2.890160195876648572e+02
2.841267072424117259e+02
2.739772190370870248e+02
2.662450166835779441e+02
2.558618122908599446e+02
2.413007178100984618e+02
2.302389374872475685e+02
2.604657066118002717e+02
2.627914373061061042e+02
2.609431587796755139e+02
2.580955331220825428e+02
2.517897351231610230e+02
2.432787813296301351e+02
2.444859378281261684e+02
2.493248603652538407e+02
2.508078234698196241e+02
2.476962286211282276e+02
2.369836441204677158e+02
2.431955007006613130e+02
